   2.7358450e+03   8.7133708e+01
   2.8105760e+03   9.1208667e+01
   2.8853070e+03   9.6754750e+01
   2.9598505e+03   1.0401380e+02
   3.0086507e+03   1.0758953e+02
   3.0930887e+03   9.9669576e+01
   3.1588413e+03   1.3841294e+02
   3.2103711e+03   1.5847950e+02
   3.3072619e+03   1.9672769e+02
   3.3587597e+03   2.1844756e+02
   3.4079360e+03   2.4049660e+02
   3.4830540e+03   2.7417707e+02
   3.5583900e+03   2.9516020e+02
   3.6337260e+03   2.9635164e+02
   3.7088680e+03   2.9697182e+02
   3.7580600e+03   2.9737782e+02
   3.8100602e+03   2.9765290e+02
   3.9088238e+03   2.6227365e+02
   3.9609155e+03   2.4462708e+02
   4.0102810e+03   2.2795691e+02
   4.1117411e+03   1.9366704e+02
   4.1611285e+03   1.7693654e+02
   4.2365690e+03   1.6144599e+02
   4.3117440e+03   1.5638790e+02
   4.3609576e+03   1.5307660e+02
   4.4622340e+03   1.4611127e+02
   4.5115392e+03   1.4269494e+02
   4.5635581e+03   1.3888034e+02
   4.6621659e+03   1.3057520e+02
   4.7141029e+03   1.2573414e+02
   4.7632530e+03   1.2070976e+02
   4.8383310e+03   1.1303491e+02
   4.9135595e+03   1.0288680e+02
   4.9887880e+03   9.2710453e+01
   5.0639175e+03   8.2895656e+01
   5.1131013e+03   7.6204118e+01
   5.1650459e+03   6.9823823e+01
   5.2636151e+03   6.3618310e+01
   5.3156339e+03   6.1752956e+01
   5.3982282e+03   4.8353708e+01
   5.4403030e+03   5.8686800e+01
   5.5631545e+03   5.0902267e+01
   5.5631545e+03   5.0902267e+01
   5.6435797e+03   4.6165541e+01
   5.7285168e+03   4.3618878e+01
   5.8091020e+03   4.0628079e+01
   5.8896872e+03   3.7637279e+01
   5.9321980e+03   2.3728973e+01
   5.9746323e+03   8.6272415e+00
