500.000000 	 0.000000  
510.000000 	 0.000000  
520.000000 	 0.000000  
530.000000 	 0.000000  
540.000000 	 0.000000  
550.000000 	 0.000000  
560.000000 	 0.000000  
570.000000 	 0.000000  
580.000000 	 0.000000  
590.000000 	 0.000000  
600.000000 	 0.000000  
610.000000 	 0.000000  
620.000000 	 0.000000  
630.000000 	 0.000000  
640.000000 	 0.000000  
650.000000 	 0.000000  
660.000000 	 0.000000  
670.000000 	 0.000000  
680.000000 	 0.000000  
690.000000 	 0.000000  
700.000000 	 0.000000  
710.000000 	 0.000000  
720.000000 	 0.000000  
730.000000 	 0.000000  
740.000000 	 0.000000  
750.000000 	 0.000000  
760.000000 	 0.000000  
770.000000 	 0.000000  
780.000000 	 0.000000  
790.000000 	 0.000000  
800.000000 	 0.000000  
810.000000 	 0.000000  
820.000000 	 0.000000  
830.000000 	 0.000000  
840.000000 	 0.000000  
850.000000 	 0.000000  
860.000000 	 0.000000  
870.000000 	 0.000000  
880.000000 	 0.000000  
890.000000 	 0.000000  
900.000000 	 0.000000  
910.000000 	 0.000000  
920.000000 	 0.000000  
930.000000 	 0.000000  
940.000000 	 0.000000  
950.000000 	 0.000000  
960.000000 	 0.000000  
970.000000 	 0.000000  
980.000000 	 0.000000  
990.000000 	 0.000000  
1000.000000 	 0.000000  
1010.000000 	 0.000000  
1020.000000 	 0.000000  
1030.000000 	 0.000000  
1040.000000 	 0.000000  
1050.000000 	 0.000000  
1060.000000 	 0.000000  
1070.000000 	 0.000000  
1080.000000 	 0.000000  
1090.000000 	 0.000000  
1100.000000 	 0.000000  
1110.000000 	 0.000000  
1120.000000 	 0.000000  
1130.000000 	 0.000000  
1140.000000 	 0.000000  
1150.000000 	 0.000000  
1160.000000 	 0.000000  
1170.000000 	 0.000000  
1180.000000 	 0.000000  
1190.000000 	 0.000000  
1200.000000 	 0.000000  
1210.000000 	 0.000000  
1220.000000 	 0.000000  
1230.000000 	 0.000000  
1240.000000 	 0.000000  
1250.000000 	 0.000000  
1260.000000 	 0.000000  
1270.000000 	 0.000000  
1280.000000 	 0.000000  
1290.000000 	 0.000000  
1300.000000 	 0.000000  
1310.000000 	 0.000000  
1320.000000 	 0.000000  
1330.000000 	 0.000000  
1340.000000 	 0.000000  
1350.000000 	 0.000000  
1360.000000 	 0.000000  
1370.000000 	 0.000000  
1380.000000 	 0.000000  
1390.000000 	 0.000000  
1400.000000 	 0.000000  
1410.000000 	 0.000000  
1420.000000 	 0.000000  
1430.000000 	 0.000000  
1440.000000 	 0.000000  
1450.000000 	 0.000000  
1460.000000 	 0.000000  
1470.000000 	 0.000000  
1480.000000 	 0.000000  
1490.000000 	 0.000000  
1500.000000 	 0.000000  
680.000000 	 -1.000000  
690.000000 	 -1.000000  
700.000000 	 -1.000000  
710.000000 	 -1.000000  
720.000000 	 -1.000000  
730.000000 	 -1.000000  
740.000000 	 -1.000000  
750.000000 	 -1.000000  
760.000000 	 -1.000000  
770.000000 	 -1.000000  
780.000000 	 -1.000000  
790.000000 	 -1.000000  
800.000000 	 -1.000000  
810.000000 	 -1.000000  
820.000000 	 -1.000000  
830.000000 	 -1.000000  
840.000000 	 -1.000000  
850.000000 	 -1.000000  
860.000000 	 -1.000000  
870.000000 	 -1.000000  
880.000000 	 -1.000000  
890.000000 	 -1.000000  
900.000000 	 -1.000000  
910.000000 	 -1.000000  
920.000000 	 -1.000000  
930.000000 	 -1.000000  
940.000000 	 -1.000000  
950.000000 	 -1.000000  
960.000000 	 -1.000000  
970.000000 	 -1.000000  
980.000000 	 -1.000000  
990.000000 	 -1.000000  
1000.000000 	 -1.000000  
1010.000000 	 -1.000000  
1020.000000 	 -1.000000  
1030.000000 	 -1.000000  
1040.000000 	 -1.000000  
1050.000000 	 -1.000000  
1060.000000 	 -1.000000  
1070.000000 	 -1.000000  
1080.000000 	 -1.000000  
1090.000000 	 -1.000000  
1100.000000 	 -1.000000  
1110.000000 	 -1.000000  
1120.000000 	 -1.000000  
1130.000000 	 -1.000000  
1140.000000 	 -1.000000  
1150.000000 	 -1.000000  
1160.000000 	 -1.000000  
1170.000000 	 -1.000000  
1180.000000 	 -1.000000  
1190.000000 	 -1.000000  
1200.000000 	 -1.000000  
1210.000000 	 -1.000000  
1220.000000 	 -1.000000  
680.000000 	 -3.500000  
690.000000 	 -3.500000  
700.000000 	 -3.500000  
710.000000 	 -3.500000  
720.000000 	 -3.500000  
730.000000 	 -3.500000  
740.000000 	 -3.500000  
750.000000 	 -3.500000  
760.000000 	 -3.500000  
770.000000 	 -3.500000  
780.000000 	 -3.500000  
790.000000 	 -3.500000  
800.000000 	 -3.500000  
810.000000 	 -3.500000  
820.000000 	 -3.500000  
830.000000 	 -3.500000  
840.000000 	 -3.500000  
850.000000 	 -3.500000  
860.000000 	 -3.500000  
870.000000 	 -3.500000  
880.000000 	 -3.500000  
890.000000 	 -3.500000  
900.000000 	 -3.500000  
910.000000 	 -3.500000  
920.000000 	 -3.500000  
930.000000 	 -3.500000  
940.000000 	 -3.500000  
950.000000 	 -3.500000  
960.000000 	 -3.500000  
970.000000 	 -3.500000  
980.000000 	 -3.500000  
990.000000 	 -3.500000  
1000.000000 	 -3.500000  
1010.000000 	 -3.500000  
1020.000000 	 -3.500000  
1030.000000 	 -3.500000  
1040.000000 	 -3.500000  
1050.000000 	 -3.500000  
1060.000000 	 -3.500000  
1070.000000 	 -3.500000  
1080.000000 	 -3.500000  
1090.000000 	 -3.500000  
1100.000000 	 -3.500000  
1110.000000 	 -3.500000  
1120.000000 	 -3.500000  
1130.000000 	 -3.500000  
1140.000000 	 -3.500000  
1150.000000 	 -3.500000  
1160.000000 	 -3.500000  
1170.000000 	 -3.500000  
1180.000000 	 -3.500000  
1190.000000 	 -3.500000  
1200.000000 	 -3.500000  
1210.000000 	 -3.500000  
1220.000000 	 -3.500000  
680.000000 	 -6.000000  
690.000000 	 -6.000000  
700.000000 	 -6.000000  
710.000000 	 -6.000000  
720.000000 	 -6.000000  
730.000000 	 -6.000000  
740.000000 	 -6.000000  
750.000000 	 -6.000000  
760.000000 	 -6.000000  
770.000000 	 -6.000000  
780.000000 	 -6.000000  
790.000000 	 -6.000000  
800.000000 	 -6.000000  
810.000000 	 -6.000000  
820.000000 	 -6.000000  
830.000000 	 -6.000000  
840.000000 	 -6.000000  
850.000000 	 -6.000000  
860.000000 	 -6.000000  
870.000000 	 -6.000000  
880.000000 	 -6.000000  
890.000000 	 -6.000000  
900.000000 	 -6.000000  
910.000000 	 -6.000000  
920.000000 	 -6.000000  
930.000000 	 -6.000000  
940.000000 	 -6.000000  
950.000000 	 -6.000000  
960.000000 	 -6.000000  
970.000000 	 -6.000000  
980.000000 	 -6.000000  
990.000000 	 -6.000000  
1000.000000 	 -6.000000  
1010.000000 	 -6.000000  
1020.000000 	 -6.000000  
1030.000000 	 -6.000000  
1040.000000 	 -6.000000  
1050.000000 	 -6.000000  
1060.000000 	 -6.000000  
1070.000000 	 -6.000000  
1080.000000 	 -6.000000  
1090.000000 	 -6.000000  
1100.000000 	 -6.000000  
1110.000000 	 -6.000000  
1120.000000 	 -6.000000  
1130.000000 	 -6.000000  
1140.000000 	 -6.000000  
1150.000000 	 -6.000000  
1160.000000 	 -6.000000  
1170.000000 	 -6.000000  
1180.000000 	 -6.000000  
1190.000000 	 -6.000000  
1200.000000 	 -6.000000  
1210.000000 	 -6.000000  
1220.000000 	 -6.000000  
680.000000 	 -8.000000  
690.000000 	 -8.000000  
700.000000 	 -8.000000  
710.000000 	 -8.000000  
720.000000 	 -8.000000  
730.000000 	 -8.000000  
740.000000 	 -8.000000  
750.000000 	 -8.000000  
760.000000 	 -8.000000  
770.000000 	 -8.000000  
780.000000 	 -8.000000  
790.000000 	 -8.000000  
800.000000 	 -8.000000  
810.000000 	 -8.000000  
820.000000 	 -8.000000  
830.000000 	 -8.000000  
840.000000 	 -8.000000  
850.000000 	 -8.000000  
860.000000 	 -8.000000  
870.000000 	 -8.000000  
880.000000 	 -8.000000  
890.000000 	 -8.000000  
900.000000 	 -8.000000  
910.000000 	 -8.000000  
920.000000 	 -8.000000  
930.000000 	 -8.000000  
940.000000 	 -8.000000  
950.000000 	 -8.000000  
960.000000 	 -8.000000  
970.000000 	 -8.000000  
980.000000 	 -8.000000  
990.000000 	 -8.000000  
1000.000000 	 -8.000000  
1010.000000 	 -8.000000  
1020.000000 	 -8.000000  
1030.000000 	 -8.000000  
1040.000000 	 -8.000000  
1050.000000 	 -8.000000  
1060.000000 	 -8.000000  
1070.000000 	 -8.000000  
1080.000000 	 -8.000000  
1090.000000 	 -8.000000  
1100.000000 	 -8.000000  
1110.000000 	 -8.000000  
1120.000000 	 -8.000000  
1130.000000 	 -8.000000  
1140.000000 	 -8.000000  
1150.000000 	 -8.000000  
1160.000000 	 -8.000000  
1170.000000 	 -8.000000  
1180.000000 	 -8.000000  
1190.000000 	 -8.000000  
1200.000000 	 -8.000000  
1210.000000 	 -8.000000  
1220.000000 	 -8.000000  
680.000000 	 -11.500000  
690.000000 	 -11.500000  
700.000000 	 -11.500000  
710.000000 	 -11.500000  
720.000000 	 -11.500000  
730.000000 	 -11.500000  
740.000000 	 -11.500000  
750.000000 	 -11.500000  
760.000000 	 -11.500000  
770.000000 	 -11.500000  
780.000000 	 -11.500000  
790.000000 	 -11.500000  
800.000000 	 -11.500000  
810.000000 	 -11.500000  
820.000000 	 -11.500000  
830.000000 	 -11.500000  
840.000000 	 -11.500000  
850.000000 	 -11.500000  
860.000000 	 -11.500000  
870.000000 	 -11.500000  
880.000000 	 -11.500000  
890.000000 	 -11.500000  
900.000000 	 -11.500000  
910.000000 	 -11.500000  
920.000000 	 -11.500000  
930.000000 	 -11.500000  
940.000000 	 -11.500000  
950.000000 	 -11.500000  
960.000000 	 -11.500000  
970.000000 	 -11.500000  
980.000000 	 -11.500000  
990.000000 	 -11.500000  
1000.000000 	 -11.500000  
1010.000000 	 -11.500000  
1020.000000 	 -11.500000  
1030.000000 	 -11.500000  
1040.000000 	 -11.500000  
1050.000000 	 -11.500000  
1060.000000 	 -11.500000  
1070.000000 	 -11.500000  
1080.000000 	 -11.500000  
1090.000000 	 -11.500000  
1100.000000 	 -11.500000  
1110.000000 	 -11.500000  
1120.000000 	 -11.500000  
1130.000000 	 -11.500000  
1140.000000 	 -11.500000  
1150.000000 	 -11.500000  
1160.000000 	 -11.500000  
1170.000000 	 -11.500000  
1180.000000 	 -11.500000  
1190.000000 	 -11.500000  
1200.000000 	 -11.500000  
1210.000000 	 -11.500000  
1220.000000 	 -11.500000  
680.000000 	 -15.000000  
690.000000 	 -15.000000  
700.000000 	 -15.000000  
710.000000 	 -15.000000  
720.000000 	 -15.000000  
730.000000 	 -15.000000  
740.000000 	 -15.000000  
750.000000 	 -15.000000  
760.000000 	 -15.000000  
770.000000 	 -15.000000  
780.000000 	 -15.000000  
790.000000 	 -15.000000  
800.000000 	 -15.000000  
810.000000 	 -15.000000  
820.000000 	 -15.000000  
830.000000 	 -15.000000  
840.000000 	 -15.000000  
850.000000 	 -15.000000  
860.000000 	 -15.000000  
870.000000 	 -15.000000  
880.000000 	 -15.000000  
890.000000 	 -15.000000  
900.000000 	 -15.000000  
910.000000 	 -15.000000  
920.000000 	 -15.000000  
930.000000 	 -15.000000  
940.000000 	 -15.000000  
950.000000 	 -15.000000  
960.000000 	 -15.000000  
970.000000 	 -15.000000  
980.000000 	 -15.000000  
990.000000 	 -15.000000  
1000.000000 	 -15.000000  
1010.000000 	 -15.000000  
1020.000000 	 -15.000000  
1030.000000 	 -15.000000  
1040.000000 	 -15.000000  
1050.000000 	 -15.000000  
1060.000000 	 -15.000000  
1070.000000 	 -15.000000  
1080.000000 	 -15.000000  
1090.000000 	 -15.000000  
1100.000000 	 -15.000000  
1110.000000 	 -15.000000  
1120.000000 	 -15.000000  
1130.000000 	 -15.000000  
1140.000000 	 -15.000000  
1150.000000 	 -15.000000  
1160.000000 	 -15.000000  
1170.000000 	 -15.000000  
1180.000000 	 -15.000000  
1190.000000 	 -15.000000  
1200.000000 	 -15.000000  
1210.000000 	 -15.000000  
1220.000000 	 -15.000000  
680.000000 	 -17.000000  
690.000000 	 -17.000000  
700.000000 	 -17.000000  
710.000000 	 -17.000000  
720.000000 	 -17.000000  
730.000000 	 -17.000000  
740.000000 	 -17.000000  
750.000000 	 -17.000000  
760.000000 	 -17.000000  
770.000000 	 -17.000000  
780.000000 	 -17.000000  
790.000000 	 -17.000000  
800.000000 	 -17.000000  
810.000000 	 -17.000000  
820.000000 	 -17.000000  
830.000000 	 -17.000000  
840.000000 	 -17.000000  
850.000000 	 -17.000000  
860.000000 	 -17.000000  
870.000000 	 -17.000000  
880.000000 	 -17.000000  
890.000000 	 -17.000000  
900.000000 	 -17.000000  
910.000000 	 -17.000000  
920.000000 	 -17.000000  
930.000000 	 -17.000000  
940.000000 	 -17.000000  
950.000000 	 -17.000000  
960.000000 	 -17.000000  
970.000000 	 -17.000000  
980.000000 	 -17.000000  
990.000000 	 -17.000000  
1000.000000 	 -17.000000  
1010.000000 	 -17.000000  
1020.000000 	 -17.000000  
1030.000000 	 -17.000000  
1040.000000 	 -17.000000  
1050.000000 	 -17.000000  
1060.000000 	 -17.000000  
1070.000000 	 -17.000000  
1080.000000 	 -17.000000  
1090.000000 	 -17.000000  
1100.000000 	 -17.000000  
1110.000000 	 -17.000000  
1120.000000 	 -17.000000  
1130.000000 	 -17.000000  
1140.000000 	 -17.000000  
1150.000000 	 -17.000000  
1160.000000 	 -17.000000  
1170.000000 	 -17.000000  
1180.000000 	 -17.000000  
1190.000000 	 -17.000000  
1200.000000 	 -17.000000  
1210.000000 	 -17.000000  
1220.000000 	 -17.000000  
700.000000 	 -28.000000  
710.000000 	 -28.000000  
720.000000 	 -28.000000  
730.000000 	 -28.000000  
740.000000 	 -28.000000  
750.000000 	 -28.000000  
760.000000 	 -28.000000  
770.000000 	 -28.000000  
780.000000 	 -28.000000  
790.000000 	 -28.000000  
800.000000 	 -28.000000  
810.000000 	 -28.000000  
820.000000 	 -28.000000  
830.000000 	 -28.000000  
840.000000 	 -28.000000  
850.000000 	 -28.000000  
860.000000 	 -28.000000  
870.000000 	 -28.000000  
880.000000 	 -28.000000  
890.000000 	 -28.000000  
900.000000 	 -28.000000  
910.000000 	 -28.000000  
920.000000 	 -28.000000  
930.000000 	 -28.000000  
940.000000 	 -28.000000  
950.000000 	 -28.000000  
960.000000 	 -28.000000  
970.000000 	 -28.000000  
980.000000 	 -28.000000  
990.000000 	 -28.000000  
1000.000000 	 -28.000000  
1010.000000 	 -28.000000  
1020.000000 	 -28.000000  
1030.000000 	 -28.000000  
1040.000000 	 -28.000000  
1050.000000 	 -28.000000  
1060.000000 	 -28.000000  
1070.000000 	 -28.000000  
1080.000000 	 -28.000000  
1090.000000 	 -28.000000  
1100.000000 	 -28.000000  
1110.000000 	 -28.000000  
1120.000000 	 -28.000000  
1130.000000 	 -28.000000  
1140.000000 	 -28.000000  
1150.000000 	 -28.000000  
1160.000000 	 -28.000000  
1170.000000 	 -28.000000  
1180.000000 	 -28.000000  
1190.000000 	 -28.000000  
1200.000000 	 -28.000000  
1210.000000 	 -28.000000  
1220.000000 	 -28.000000  
720.000000 	 -39.000000  
730.000000 	 -39.000000  
740.000000 	 -39.000000  
750.000000 	 -39.000000  
760.000000 	 -39.000000  
770.000000 	 -39.000000  
780.000000 	 -39.000000  
790.000000 	 -39.000000  
800.000000 	 -39.000000  
810.000000 	 -39.000000  
820.000000 	 -39.000000  
830.000000 	 -39.000000  
840.000000 	 -39.000000  
850.000000 	 -39.000000  
860.000000 	 -39.000000  
870.000000 	 -39.000000  
880.000000 	 -39.000000  
890.000000 	 -39.000000  
900.000000 	 -39.000000  
910.000000 	 -39.000000  
920.000000 	 -39.000000  
930.000000 	 -39.000000  
940.000000 	 -39.000000  
950.000000 	 -39.000000  
960.000000 	 -39.000000  
970.000000 	 -39.000000  
980.000000 	 -39.000000  
990.000000 	 -39.000000  
1000.000000 	 -39.000000  
1010.000000 	 -39.000000  
1020.000000 	 -39.000000  
1030.000000 	 -39.000000  
1040.000000 	 -39.000000  
1050.000000 	 -39.000000  
1060.000000 	 -39.000000  
1070.000000 	 -39.000000  
1080.000000 	 -39.000000  
1090.000000 	 -39.000000  
1100.000000 	 -39.000000  
1110.000000 	 -39.000000  
1120.000000 	 -39.000000  
1130.000000 	 -39.000000  
1140.000000 	 -39.000000  
1150.000000 	 -39.000000  
1160.000000 	 -39.000000  
1170.000000 	 -39.000000  
1180.000000 	 -39.000000  
1190.000000 	 -39.000000  
1200.000000 	 -39.000000  
1210.000000 	 -39.000000  
1220.000000 	 -39.000000  
720.000000 	 -41.000000  
730.000000 	 -41.000000  
740.000000 	 -41.000000  
750.000000 	 -41.000000  
760.000000 	 -41.000000  
770.000000 	 -41.000000  
780.000000 	 -41.000000  
790.000000 	 -41.000000  
800.000000 	 -41.000000  
810.000000 	 -41.000000  
820.000000 	 -41.000000  
830.000000 	 -41.000000  
840.000000 	 -41.000000  
850.000000 	 -41.000000  
860.000000 	 -41.000000  
870.000000 	 -41.000000  
880.000000 	 -41.000000  
890.000000 	 -41.000000  
900.000000 	 -41.000000  
910.000000 	 -41.000000  
920.000000 	 -41.000000  
930.000000 	 -41.000000  
940.000000 	 -41.000000  
950.000000 	 -41.000000  
960.000000 	 -41.000000  
970.000000 	 -41.000000  
980.000000 	 -41.000000  
990.000000 	 -41.000000  
1000.000000 	 -41.000000  
1010.000000 	 -41.000000  
1020.000000 	 -41.000000  
1030.000000 	 -41.000000  
1040.000000 	 -41.000000  
1050.000000 	 -41.000000  
1060.000000 	 -41.000000  
1070.000000 	 -41.000000  
1080.000000 	 -41.000000  
1090.000000 	 -41.000000  
1100.000000 	 -41.000000  
1110.000000 	 -41.000000  
1120.000000 	 -41.000000  
1130.000000 	 -41.000000  
1140.000000 	 -41.000000  
1150.000000 	 -41.000000  
1160.000000 	 -41.000000  
1170.000000 	 -41.000000  
1180.000000 	 -41.000000  
1190.000000 	 -41.000000  
1200.000000 	 -41.000000  
1210.000000 	 -41.000000  
1220.000000 	 -41.000000  
740.000000 	 -61.500000  
750.000000 	 -61.500000  
760.000000 	 -61.500000  
770.000000 	 -61.500000  
780.000000 	 -61.500000  
790.000000 	 -61.500000  
800.000000 	 -61.500000  
810.000000 	 -61.500000  
820.000000 	 -61.500000  
830.000000 	 -61.500000  
840.000000 	 -61.500000  
850.000000 	 -61.500000  
860.000000 	 -61.500000  
870.000000 	 -61.500000  
880.000000 	 -61.500000  
890.000000 	 -61.500000  
900.000000 	 -61.500000  
910.000000 	 -61.500000  
920.000000 	 -61.500000  
930.000000 	 -61.500000  
940.000000 	 -61.500000  
950.000000 	 -61.500000  
960.000000 	 -61.500000  
970.000000 	 -61.500000  
980.000000 	 -61.500000  
990.000000 	 -61.500000  
1000.000000 	 -61.500000  
1010.000000 	 -61.500000  
1020.000000 	 -61.500000  
1030.000000 	 -61.500000  
1040.000000 	 -61.500000  
1050.000000 	 -61.500000  
1060.000000 	 -61.500000  
1070.000000 	 -61.500000  
1080.000000 	 -61.500000  
1090.000000 	 -61.500000  
1100.000000 	 -61.500000  
1110.000000 	 -61.500000  
1120.000000 	 -61.500000  
1130.000000 	 -61.500000  
1140.000000 	 -61.500000  
1150.000000 	 -61.500000  
1160.000000 	 -61.500000  
1170.000000 	 -61.500000  
1180.000000 	 -61.500000  
1190.000000 	 -61.500000  
1200.000000 	 -61.500000  
760.000000 	 -82.000000  
770.000000 	 -82.000000  
780.000000 	 -82.000000  
790.000000 	 -82.000000  
800.000000 	 -82.000000  
810.000000 	 -82.000000  
820.000000 	 -82.000000  
830.000000 	 -82.000000  
840.000000 	 -82.000000  
850.000000 	 -82.000000  
860.000000 	 -82.000000  
870.000000 	 -82.000000  
880.000000 	 -82.000000  
890.000000 	 -82.000000  
900.000000 	 -82.000000  
910.000000 	 -82.000000  
920.000000 	 -82.000000  
930.000000 	 -82.000000  
940.000000 	 -82.000000  
950.000000 	 -82.000000  
960.000000 	 -82.000000  
970.000000 	 -82.000000  
980.000000 	 -82.000000  
990.000000 	 -82.000000  
1000.000000 	 -82.000000  
1010.000000 	 -82.000000  
1020.000000 	 -82.000000  
1030.000000 	 -82.000000  
1040.000000 	 -82.000000  
1050.000000 	 -82.000000  
1060.000000 	 -82.000000  
1070.000000 	 -82.000000  
1080.000000 	 -82.000000  
1090.000000 	 -82.000000  
1100.000000 	 -82.000000  
1110.000000 	 -82.000000  
1120.000000 	 -82.000000  
1130.000000 	 -82.000000  
1140.000000 	 -82.000000  
1150.000000 	 -82.000000  
1160.000000 	 -82.000000  
1170.000000 	 -82.000000  
1180.000000 	 -82.000000  
1190.000000 	 -82.000000  
1200.000000 	 -82.000000  
760.000000 	 -84.000000  
770.000000 	 -84.000000  
780.000000 	 -84.000000  
790.000000 	 -84.000000  
800.000000 	 -84.000000  
810.000000 	 -84.000000  
820.000000 	 -84.000000  
830.000000 	 -84.000000  
840.000000 	 -84.000000  
850.000000 	 -84.000000  
860.000000 	 -84.000000  
870.000000 	 -84.000000  
880.000000 	 -84.000000  
890.000000 	 -84.000000  
900.000000 	 -84.000000  
910.000000 	 -84.000000  
920.000000 	 -84.000000  
930.000000 	 -84.000000  
940.000000 	 -84.000000  
950.000000 	 -84.000000  
960.000000 	 -84.000000  
970.000000 	 -84.000000  
980.000000 	 -84.000000  
990.000000 	 -84.000000  
1000.000000 	 -84.000000  
1010.000000 	 -84.000000  
1020.000000 	 -84.000000  
1030.000000 	 -84.000000  
1040.000000 	 -84.000000  
1050.000000 	 -84.000000  
1060.000000 	 -84.000000  
1070.000000 	 -84.000000  
1080.000000 	 -84.000000  
1090.000000 	 -84.000000  
1100.000000 	 -84.000000  
1110.000000 	 -84.000000  
1120.000000 	 -84.000000  
1130.000000 	 -84.000000  
1140.000000 	 -84.000000  
1150.000000 	 -84.000000  
1160.000000 	 -84.000000  
1170.000000 	 -84.000000  
1180.000000 	 -84.000000  
1190.000000 	 -84.000000  
1200.000000 	 -84.000000  
800.000000 	 -124.500000  
810.000000 	 -124.500000  
820.000000 	 -124.500000  
830.000000 	 -124.500000  
840.000000 	 -124.500000  
850.000000 	 -124.500000  
860.000000 	 -124.500000  
870.000000 	 -124.500000  
880.000000 	 -124.500000  
890.000000 	 -124.500000  
900.000000 	 -124.500000  
910.000000 	 -124.500000  
920.000000 	 -124.500000  
930.000000 	 -124.500000  
940.000000 	 -124.500000  
950.000000 	 -124.500000  
960.000000 	 -124.500000  
970.000000 	 -124.500000  
980.000000 	 -124.500000  
990.000000 	 -124.500000  
1000.000000 	 -124.500000  
1010.000000 	 -124.500000  
1020.000000 	 -124.500000  
1030.000000 	 -124.500000  
1040.000000 	 -124.500000  
1050.000000 	 -124.500000  
1060.000000 	 -124.500000  
1070.000000 	 -124.500000  
1080.000000 	 -124.500000  
1090.000000 	 -124.500000  
1100.000000 	 -124.500000  
1110.000000 	 -124.500000  
1120.000000 	 -124.500000  
1130.000000 	 -124.500000  
1140.000000 	 -124.500000  
1150.000000 	 -124.500000  
1160.000000 	 -124.500000  
1170.000000 	 -124.500000  
1180.000000 	 -124.500000  
840.000000 	 -165.000000  
850.000000 	 -165.000000  
860.000000 	 -165.000000  
870.000000 	 -165.000000  
880.000000 	 -165.000000  
890.000000 	 -165.000000  
900.000000 	 -165.000000  
910.000000 	 -165.000000  
920.000000 	 -165.000000  
930.000000 	 -165.000000  
940.000000 	 -165.000000  
950.000000 	 -165.000000  
960.000000 	 -165.000000  
970.000000 	 -165.000000  
980.000000 	 -165.000000  
990.000000 	 -165.000000  
1000.000000 	 -165.000000  
1010.000000 	 -165.000000  
1020.000000 	 -165.000000  
1030.000000 	 -165.000000  
1040.000000 	 -165.000000  
1050.000000 	 -165.000000  
1060.000000 	 -165.000000  
1070.000000 	 -165.000000  
1080.000000 	 -165.000000  
1090.000000 	 -165.000000  
1100.000000 	 -165.000000  
1110.000000 	 -165.000000  
1120.000000 	 -165.000000  
1130.000000 	 -165.000000  
1140.000000 	 -165.000000  
840.000000 	 -167.000000  
850.000000 	 -167.000000  
860.000000 	 -167.000000  
870.000000 	 -167.000000  
880.000000 	 -167.000000  
890.000000 	 -167.000000  
900.000000 	 -167.000000  
910.000000 	 -167.000000  
920.000000 	 -167.000000  
930.000000 	 -167.000000  
940.000000 	 -167.000000  
950.000000 	 -167.000000  
960.000000 	 -167.000000  
970.000000 	 -167.000000  
980.000000 	 -167.000000  
990.000000 	 -167.000000  
1000.000000 	 -167.000000  
1010.000000 	 -167.000000  
1020.000000 	 -167.000000  
1030.000000 	 -167.000000  
1040.000000 	 -167.000000  
1050.000000 	 -167.000000  
1060.000000 	 -167.000000  
1070.000000 	 -167.000000  
1080.000000 	 -167.000000  
1090.000000 	 -167.000000  
1100.000000 	 -167.000000  
1110.000000 	 -167.000000  
1120.000000 	 -167.000000  
1130.000000 	 -167.000000  
1140.000000 	 -167.000000  
860.000000 	 -195.500000  
870.000000 	 -195.500000  
880.000000 	 -195.500000  
890.000000 	 -195.500000  
900.000000 	 -195.500000  
910.000000 	 -195.500000  
920.000000 	 -195.500000  
930.000000 	 -195.500000  
940.000000 	 -195.500000  
950.000000 	 -195.500000  
960.000000 	 -195.500000  
970.000000 	 -195.500000  
980.000000 	 -195.500000  
990.000000 	 -195.500000  
1000.000000 	 -195.500000  
1010.000000 	 -195.500000  
1020.000000 	 -195.500000  
1030.000000 	 -195.500000  
1040.000000 	 -195.500000  
1050.000000 	 -195.500000  
1060.000000 	 -195.500000  
1070.000000 	 -195.500000  
1080.000000 	 -195.500000  
1090.000000 	 -195.500000  
1100.000000 	 -195.500000  
900.000000 	 -224.000000  
910.000000 	 -224.000000  
920.000000 	 -224.000000  
930.000000 	 -224.000000  
940.000000 	 -224.000000  
950.000000 	 -224.000000  
960.000000 	 -224.000000  
970.000000 	 -224.000000  
980.000000 	 -224.000000  
990.000000 	 -224.000000  
1000.000000 	 -224.000000  
