3 31 31 -1000.000000 -1000.000000 66.666667 66.666667
2400.000000 4667.212130 2456.427437
2400.000000 4326.453707 2277.080898
2400.000000 3143.974950 1654.723658
2400.000000 2665.403776 1402.844092
2400.000000 4142.704002 2180.370527
2400.000000 3366.699126 1771.946909
2400.000000 3355.289178 1765.941673
2400.000000 3877.576185 2040.829571
2400.000000 4305.597993 2266.104207
2400.000000 3960.387944 2084.414707
2400.000000 4232.755203 2227.765896
2400.000000 4921.430721 2590.226695
2400.000000 4203.718770 2212.483563
2400.000000 3892.337465 2048.598666
2400.000000 3478.080319 1830.568589
2400.000000 4111.950659 2164.184557
2400.000000 4619.450633 2431.289807
2400.000000 3400.572400 1789.774947
2400.000000 4907.555026 2582.923698
2400.000000 4047.653807 2130.344109
2400.000000 4577.877516 2409.409219
2400.000000 4261.399472 2242.841828
2400.000000 4442.195013 2337.997375
2400.000000 3903.964299 2054.718052
2400.000000 3790.073760 1994.775663
2400.000000 4811.817772 2532.535669
2400.000000 3418.176204 1799.040107
2400.000000 3514.034274 1849.491723
2400.000000 4910.457535 2584.451334
2400.000000 2813.026718 1480.540378
2400.000000 3951.308678 2079.636147
2400.000000 4499.215424 2368.008118
2400.000000 3317.934178 1746.281146
2400.000000 3678.928148 1936.277972
2400.000000 3816.229301 2008.541738
2400.000000 2986.494457 1571.839188
2400.000000 4634.606206 2439.266424
2400.000000 3294.866284 1734.140150
2400.000000 4536.340279 2387.547515
2400.000000 4098.568615 2157.141377
2400.000000 4453.490130 2343.942173
2400.000000 3922.187821 2064.309380
2400.000000 4558.781309 2399.358584
2400.000000 3516.438957 1850.757346
2400.000000 2685.222543 1413.275023
2400.000000 4751.838560 2500.967663
2400.000000 3665.786691 1929.361416
2400.000000 3435.758525 1808.293961
2400.000000 4887.378866 2572.304666
2400.000000 4771.235038 2511.176336
2400.000000 4821.582658 2537.675083
2400.000000 3653.480473 1922.884459
2400.000000 4100.962036 2158.401072
2400.000000 3726.907089 1961.530047
2400.000000 3526.570577 1856.089777
2400.000000 4706.114458 2476.902346
2400.000000 4153.813528 2186.217646
2400.000000 4905.011171 2581.584827
2400.000000 3540.081092 1863.200575
2400.000000 3000.487995 1579.204208
2400.000000 4858.427340 2557.067021
2400.000000 4831.602484 2542.948676
2400.000000 4317.384825 2272.307803
2400.000000 4289.988005 2257.888424
2400.000000 4368.532598 2299.227683
2400.000000 4578.423912 2409.696796
2400.000000 4312.902610 2269.948742
2400.000000 4785.495416 2518.681798
2400.000000 3025.562663 1592.401402
2400.000000 2922.938050 1538.388447
2400.000000 2780.991328 1463.679646
2400.000000 3090.384422 1626.518117
2400.000000 4629.195187 2436.418519
2400.000000 3232.138383 1701.125464
2400.000000 3151.120973 1658.484723
2400.000000 4408.334992 2320.176312
2400.000000 4009.177757 2110.093557
2400.000000 4464.739113 2349.862691
2400.000000 3133.971733 1649.458807
2400.000000 4770.281989 2510.674731
2400.000000 4773.028473 2512.120249
2400.000000 4346.783048 2287.780551
2400.000000 4017.678678 2114.567725
2400.000000 3124.196355 1644.313871
2400.000000 3213.552302 1691.343317
2400.000000 2807.875298 1477.829104
2400.000000 2662.949504 1401.552371
2400.000000 3035.475588 1597.618730
2400.000000 2921.574456 1537.670766
2400.000000 3053.050180 1606.868516
2400.000000 3947.374786 2077.565677
2400.000000 4741.671245 2495.616445
2400.000000 4840.671818 2547.722009
2400.000000 3778.362289 1988.611731
2400.000000 4082.517390 2148.693363
2400.000000 2931.614331 1542.954911
2400.000000 2762.330003 1453.857897
2400.000000 2736.866151 1440.455869
2400.000000 4180.105955 2200.055766
2400.000000 2945.159522 1550.083959
2400.000000 4740.121367 2494.800719
2400.000000 2837.726245 1493.540129
2400.000000 4531.497830 2384.998858
2400.000000 4544.543478 2391.864989
2400.000000 2911.371981 1532.301042
2400.000000 2830.592267 1489.785404
2400.000000 3246.317054 1708.587923
2400.000000 3495.590735 1839.784597
2400.000000 3799.067461 1999.509190
2400.000000 4587.842428 2414.653909
2400.000000 4344.736167 2286.703246
2400.000000 2665.677760 1402.988295
2400.000000 4529.529315 2383.962797
2400.000000 2937.368443 1545.983391
2400.000000 4061.185107 2137.465846
2400.000000 4563.335942 2401.755759
2400.000000 4385.427992 2308.119996
2400.000000 4812.301943 2532.790496
2400.000000 3628.535690 1909.755627
2400.000000 3487.571369 1835.563878
2400.000000 2696.538024 1419.230539
2400.000000 3868.693125 2036.154276
2400.000000 3827.315871 2014.376774
2400.000000 4682.219282 2464.325938
2400.000000 4039.470660 2126.037190
2400.000000 3209.210906 1689.058372
2400.000000 4347.762356 2288.295977
2400.000000 2957.269261 1556.457506
2400.000000 4510.173126 2373.775329
2400.000000 4719.020486 2483.694993
2400.000000 3299.752410 1736.711795
2400.000000 3328.476197 1751.829577
2400.000000 4522.075933 2380.039965
2400.000000 3067.176202 1614.303264
2400.000000 2982.946129 1569.971647
2400.000000 4367.075968 2298.461036
2400.000000 4376.991894 2303.679944
2400.000000 4772.149402 2511.657580
2400.000000 4520.593386 2379.259677
2400.000000 4688.549001 2467.657369
2400.000000 3928.838565 2067.809771
2400.000000 2939.094481 1546.891832
2400.000000 4478.811161 2357.269032
2400.000000 3630.190786 1910.626729
2400.000000 3714.915365 1955.218613
2400.000000 3941.337278 2074.388041
2400.000000 4855.410374 2555.479144
2400.000000 4705.332712 2476.490901
2400.000000 3753.884924 1975.728908
2400.000000 2765.537216 1455.545903
2400.000000 4404.656972 2318.240511
2400.000000 3139.372206 1652.301161
2400.000000 3308.933531 1741.543964
2400.000000 4508.152689 2372.711941
2400.000000 3292.378529 1732.830805
2400.000000 4834.753839 2544.607284
2400.000000 4725.714596 2487.218208
2400.000000 3022.888331 1590.993859
2400.000000 4770.823387 2510.959677
2400.000000 3979.642880 2094.548884
2400.000000 2955.994697 1555.786683
2400.000000 4111.248615 2163.815061
2400.000000 4500.294610 2368.576110
2400.000000 3070.667689 1616.140889
2400.000000 3989.420932 2099.695227
2400.000000 2840.592323 1495.048591
2400.000000 3849.070076 2025.826356
2400.000000 2879.330392 1515.437049
2400.000000 3794.051523 1996.869223
2400.000000 4368.007814 2298.951481
2400.000000 2881.092802 1516.364633
2400.000000 3467.746507 1825.129741
2400.000000 3274.318316 1723.325429
2400.000000 4124.960002 2171.031580
2400.000000 3432.207242 1806.424864
2400.000000 3994.242439 2102.232862
2400.000000 4110.356569 2163.345562
2400.000000 3987.814877 2098.849935
2400.000000 3516.966761 1851.035137
2400.000000 4732.995075 2491.050039
2400.000000 4550.344681 2394.918253
2400.000000 3600.119505 1894.799739
2400.000000 3628.602344 1909.790708
2400.000000 3945.178503 2076.409739
2400.000000 3191.780643 1679.884549
2400.000000 3433.439167 1807.073246
2400.000000 4646.105033 2445.318439
2400.000000 4583.636709 2412.440373
2400.000000 4098.106923 2156.898380
2400.000000 4437.501629 2335.527173
2400.000000 3116.577216 1640.303798
2400.000000 4433.030652 2333.174027
2400.000000 4930.976356 2595.250713
2400.000000 4371.488087 2300.783204
2400.000000 3281.389297 1727.046998
2400.000000 3050.395234 1605.471176
2400.000000 4834.522472 2544.485512
2400.000000 3276.261637 1724.348230
2400.000000 3721.985140 1958.939548
2400.000000 2767.397340 1456.524916
2400.000000 2790.057991 1468.451574
2400.000000 3795.325574 1997.539776
2400.000000 3329.639042 1752.441601
2400.000000 2799.724882 1473.539411
2400.000000 3139.420946 1652.326814
2400.000000 3005.991063 1582.100559
2400.000000 4750.909392 2500.478627
2400.000000 3656.869277 1924.668040
2400.000000 3401.840228 1790.442225
2400.000000 3979.950576 2094.710829
2400.000000 4169.711570 2194.585037
2400.000000 4639.411219 2441.795378
2400.000000 4586.810857 2414.110977
2400.000000 4805.088728 2528.994067
2400.000000 4028.111746 2120.058814
2400.000000 2786.582973 1466.622617
2400.000000 4510.138514 2373.757113
2400.000000 4673.308076 2459.635829
2400.000000 4852.516499 2553.956052
2400.000000 4907.585896 2582.939945
2400.000000 3842.078808 2022.146741
2400.000000 4024.823826 2118.328329
2400.000000 3421.201200 1800.632210
2400.000000 3110.344795 1637.023576
2400.000000 3363.025259 1770.013294
2400.000000 3572.091074 1880.047934
2400.000000 4636.707474 2440.372355
2400.000000 2679.852849 1410.448868
2400.000000 3562.829929 1875.173647
2400.000000 3331.052245 1753.185392
2400.000000 4490.520545 2363.431866
2400.000000 3301.022409 1737.380216
2400.000000 4834.238351 2544.335974
2400.000000 2665.320277 1402.800146
2400.000000 3078.767483 1620.403938
2400.000000 3832.893155 2017.312187
2400.000000 3864.227205 2033.803792
2400.000000 4485.816413 2360.956007
2400.000000 2688.560871 1415.032038
2400.000000 3343.045626 1759.497698
2400.000000 4037.729101 2125.120580
2400.000000 4247.329295 2235.436471
2400.000000 4697.243933 2472.233649
2400.000000 4544.194531 2391.681332
2400.000000 4357.436172 2293.387459
2400.000000 3098.541384 1630.811255
2400.000000 4111.834111 2164.123216
2400.000000 3214.447844 1691.814655
2400.000000 4863.725663 2559.855612
2400.000000 3519.055437 1852.134440
2400.000000 4262.130607 2243.226635
2400.000000 4733.097955 2491.104187
2400.000000 2929.041168 1541.600615
2400.000000 4349.761841 2289.348338
2400.000000 4010.185630 2110.624016
2400.000000 3420.717404 1800.377581
2400.000000 2851.729155 1500.910081
2400.000000 3561.412931 1874.427858
2400.000000 3731.330243 1963.858023
2400.000000 4892.091057 2574.784767
2400.000000 4059.064185 2136.349571
2400.000000 3208.249001 1688.552106
2400.000000 3954.426358 2081.277030
2400.000000 3793.452688 1996.554046
2400.000000 3584.769942 1886.721022
2400.000000 4760.549753 2505.552502
2400.000000 3404.027891 1791.593627
2400.000000 4284.190937 2254.837335
2400.000000 3263.108282 1717.425411
2400.000000 3808.383546 2004.412392
2400.000000 4579.254332 2410.133859
2400.000000 4408.846924 2320.445749
2400.000000 4568.923734 2404.696702
2400.000000 3989.652699 2099.817210
2400.000000 4084.802165 2149.895876
2400.000000 3713.754241 1954.607495
2400.000000 3872.395599 2038.102947
2400.000000 4905.078048 2581.620025
2400.000000 3646.171477 1919.037619
2400.000000 4323.024809 2275.276216
2400.000000 4794.233250 2523.280658
2400.000000 2720.044462 1431.602348
2400.000000 3669.063200 1931.085895
2400.000000 4368.399927 2299.157856
2400.000000 3391.821879 1785.169410
2400.000000 2913.529050 1533.436342
2400.000000 3041.951552 1601.027132
2400.000000 4927.868676 2593.615093
2400.000000 4284.694021 2255.102116
2400.000000 2705.385246 1423.886972
2400.000000 3124.115392 1644.271259
2400.000000 3710.225527 1952.750277
2400.000000 3889.440705 2047.074055
2400.000000 4625.478574 2434.462407
2400.000000 4424.129409 2328.489162
2400.000000 3584.447104 1886.551108
2400.000000 4659.199218 2452.210115
2400.000000 3293.681742 1733.516706
2400.000000 3487.775161 1835.671137
2400.000000 4816.599181 2535.052200
2400.000000 3262.548934 1717.131018
2400.000000 3087.814231 1625.165385
2400.000000 4756.521774 2503.432512
2400.000000 4150.574642 2184.512969
2400.000000 4058.627365 2136.119666
2400.000000 3076.539074 1619.231091
2400.000000 4393.726267 2312.487509
2400.000000 4566.353551 2403.343974
2400.000000 4822.941377 2538.390199
2400.000000 4729.999332 2489.473333
2400.000000 3241.937603 1706.282949
2400.000000 4802.060600 2527.400316
2400.000000 3226.629885 1698.226255
2400.000000 4052.667026 2132.982645
2400.000000 2904.304458 1528.581294
2400.000000 4695.971661 2471.564032
2400.000000 4634.898769 2439.420405
2400.000000 2685.263826 1413.296750
2400.000000 3108.767732 1636.193543
2400.000000 4131.400893 2174.421522
2400.000000 4926.024254 2592.644344
2400.000000 3364.556942 1770.819443
2400.000000 2937.160158 1545.873767
2400.000000 2937.843660 1546.233505
2400.000000 4005.057944 2107.925233
2400.000000 3837.907107 2019.951109
2400.000000 3486.321591 1834.906100
2400.000000 3581.134404 1884.807581
2400.000000 3867.810518 2035.689746
2400.000000 3392.277731 1785.409332
2400.000000 4646.348217 2445.446430
2400.000000 4742.733238 2496.175388
2400.000000 4883.873724 2570.459855
2400.000000 3959.620894 2084.010997
2400.000000 3529.140274 1857.442249
2400.000000 4908.345000 2583.339474
2400.000000 4091.295482 2153.313412
2400.000000 3300.529408 1737.120741
2400.000000 3826.919694 2014.168260
2400.000000 3754.041922 1975.811538
2400.000000 4653.348648 2449.130868
2400.000000 3137.257839 1651.188336
2400.000000 4266.123737 2245.328282
2400.000000 4261.918057 2243.114767
2400.000000 4896.932229 2577.332752
2400.000000 4491.572480 2363.985516
2400.000000 4309.251430 2268.027068
2400.000000 4280.041678 2252.653514
2400.000000 3529.469365 1857.615455
2400.000000 3190.698700 1679.315105
2400.000000 3888.663719 2046.665115
2400.000000 3685.516386 1939.745466
2400.000000 2697.692722 1419.838275
2400.000000 4369.786168 2299.887457
2400.000000 3794.314068 1997.007404
2400.000000 3189.560762 1678.716190
2400.000000 3290.447816 1731.814640
2400.000000 4654.100093 2449.526365
2400.000000 4603.762716 2423.033008
2400.000000 2668.354189 1404.396942
2400.000000 4224.974005 2223.670529
2400.000000 4546.611674 2392.953512
2400.000000 2662.045121 1401.076379
2400.000000 4292.082496 2258.990787
2400.000000 3989.691219 2099.837484
2400.000000 3241.840976 1706.232092
2400.000000 2966.892775 1561.522513
2400.000000 3670.311966 1931.743140
2400.000000 2946.120913 1550.589954
2400.000000 4411.728518 2321.962378
2400.000000 3883.393360 2043.891242
2400.000000 3329.615048 1752.428972
2400.000000 2728.972845 1436.301497
2400.000000 2852.756191 1501.450627
2400.000000 3470.297062 1826.472138
2400.000000 3679.687056 1936.677398
2400.000000 4689.550984 2468.184728
2400.000000 4581.669962 2411.405243
2400.000000 4724.065631 2486.350332
2400.000000 3348.605060 1762.423716
2400.000000 3088.854005 1625.712634
2400.000000 3275.284624 1723.834012
2400.000000 4722.681342 2485.621759
2400.000000 4254.008019 2238.951589
2400.000000 3219.576018 1694.513694
2400.000000 3017.350606 1588.079266
2400.000000 3242.620282 1706.642254
2400.000000 4308.100364 2267.421244
2400.000000 4595.616240 2418.745389
2400.000000 3875.643670 2039.812458
2400.000000 2696.176360 1419.040189
2400.000000 4092.458359 2153.925452
2400.000000 4512.425227 2374.960646
2400.000000 3156.228043 1661.172654
2400.000000 3584.405918 1886.529431
2400.000000 3959.417935 2083.904176
2400.000000 3779.191980 1989.048411
2400.000000 2955.050951 1555.289974
2400.000000 4007.330015 2109.121061
2400.000000 4708.489345 2478.152287
2400.000000 4014.999847 2113.157814
2400.000000 3348.513931 1762.375753
2400.000000 3900.702422 2053.001275
2400.000000 3198.502994 1683.422629
2400.000000 3026.022253 1592.643291
2400.000000 3693.569210 1943.983795
2400.000000 4350.253536 2289.607124
2400.000000 4030.048721 2121.078274
2400.000000 3991.859607 2100.978740
2400.000000 3276.873996 1724.670524
2400.000000 2785.416142 1466.008496
2400.000000 4200.337967 2210.704193
2400.000000 3362.425349 1769.697552
2400.000000 3095.682624 1629.306644
2400.000000 4406.170641 2319.037179
2400.000000 3741.003695 1968.949313
2400.000000 3246.359694 1708.610365
2400.000000 3401.508255 1790.267503
2400.000000 2852.593703 1501.365107
2400.000000 4168.989293 2194.204891
2400.000000 3837.609173 2019.794302
2400.000000 3144.829406 1655.173372
2400.000000 3765.801212 1982.000638
2400.000000 3597.744344 1893.549655
2400.000000 3136.017287 1650.535414
2400.000000 3218.981266 1694.200666
2400.000000 2750.310751 1447.531974
2400.000000 4678.612509 2462.427636
2400.000000 2739.261776 1441.716724
2400.000000 4078.887189 2146.782731
2400.000000 3816.946230 2008.919069
2400.000000 3325.582997 1750.306841
2400.000000 3078.170101 1620.089527
2400.000000 3689.241431 1941.706016
2400.000000 3975.747164 2092.498508
2400.000000 3478.181832 1830.622017
2400.000000 4343.872915 2286.248903
2400.000000 2856.245313 1503.287007
2400.000000 3678.867252 1936.245922
2400.000000 3178.241092 1672.758469
2400.000000 4163.497186 2191.314308
2400.000000 4765.258121 2508.030590
2400.000000 3854.200676 2028.526672
2400.000000 4610.536810 2426.598321
2400.000000 4205.250790 2213.289889
2400.000000 2955.603393 1555.580733
2400.000000 2870.040480 1510.547621
2400.000000 4170.281938 2194.885231
2400.000000 4280.831825 2253.069381
2400.000000 4550.099437 2394.789177
2400.000000 2968.402973 1562.317354
2400.000000 2724.889578 1434.152409
2400.000000 4687.440281 2467.073832
2400.000000 3916.257075 2061.187934
2400.000000 4184.116051 2202.166343
2400.000000 4852.530211 2553.963269
2400.000000 4438.391434 2335.995491
2400.000000 3306.528889 1740.278362
2400.000000 4419.689574 2326.152408
2400.000000 3627.665219 1909.297484
2400.000000 3002.677098 1580.356368
2400.000000 2895.312316 1523.848587
2400.000000 4243.342304 2233.338055
2400.000000 3539.626053 1862.961081
2400.000000 4932.416169 2596.008510
2400.000000 3323.960988 1749.453152
2400.000000 4672.365538 2459.139757
2400.000000 2752.185714 1448.518797
2400.000000 2783.660468 1465.084457
2400.000000 4125.421690 2171.274574
2400.000000 4359.694869 2294.576247
2400.000000 4398.924259 2315.223294
2400.000000 4444.545916 2339.234693
2400.000000 4668.070164 2456.879034
2400.000000 3127.905493 1646.266049
2400.000000 4422.906878 2327.845725
2400.000000 4760.265840 2505.403074
2400.000000 3730.443912 1963.391533
2400.000000 3816.311943 2008.585233
2400.000000 3777.903598 1988.370315
2400.000000 3013.514239 1586.060126
2400.000000 4072.722140 2143.537968
2400.000000 4388.575185 2309.776413
2400.000000 3824.326014 2012.803165
2400.000000 4799.431573 2526.016617
2400.000000 3582.383639 1885.465073
2400.000000 4934.041657 2596.864030
2400.000000 3518.139577 1851.652409
2400.000000 4037.809387 2125.162835
2400.000000 4015.988914 2113.678376
2400.000000 3523.192189 1854.311678
2400.000000 4593.299077 2417.525830
2400.000000 4760.824313 2505.697007
2400.000000 3456.677348 1819.303868
2400.000000 4860.827612 2558.330322
2400.000000 4258.330212 2241.226428
2400.000000 4073.782042 2144.095811
2400.000000 4787.559022 2519.767906
2400.000000 2987.817634 1572.535597
2400.000000 4236.329575 2229.647145
2400.000000 4622.679864 2432.989402
2400.000000 3579.152847 1883.764656
2400.000000 4373.144728 2301.655120
2400.000000 4036.027092 2124.224785
2400.000000 3597.418284 1893.378044
2400.000000 4157.812275 2188.322250
2400.000000 3513.925215 1849.434324
2400.000000 3646.092458 1918.996031
2400.000000 2909.465105 1531.297424
2400.000000 4914.392204 2586.522213
2400.000000 3996.191083 2103.258465
2400.000000 4164.465977 2191.824199
2400.000000 3461.264208 1821.718004
2400.000000 4596.850812 2419.395164
2400.000000 3067.016170 1614.219037
2400.000000 3474.724172 1828.802196
2400.000000 3879.196399 2041.682315
2400.000000 3698.499518 1946.578693
2400.000000 3820.289124 2010.678486
2400.000000 3877.789853 2040.942028
2400.000000 4224.086960 2223.203663
2400.000000 2684.682867 1412.990983
2400.000000 4274.694585 2249.839256
2400.000000 4146.293823 2182.259907
2400.000000 4366.380311 2298.094900
2400.000000 3396.468290 1787.614890
2400.000000 4214.142937 2217.969967
2400.000000 4022.483570 2117.096616
2400.000000 3715.243788 1955.391468
2400.000000 4410.659841 2321.399916
2400.000000 4005.764455 2108.297081
2400.000000 3564.997504 1876.314476
2400.000000 3099.303607 1631.212425
2400.000000 4008.021666 2109.485087
2400.000000 4703.631754 2475.595660
2400.000000 3945.873387 2076.775467
2400.000000 2824.874667 1486.776141
2400.000000 4186.220659 2203.274031
2400.000000 4789.926985 2521.014203
2400.000000 3179.351384 1673.342834
2400.000000 3862.495373 2032.892301
2400.000000 4537.529669 2388.173510
2400.000000 3303.957382 1738.924938
2400.000000 4095.255205 2155.397476
2400.000000 3842.803371 2022.528090
2400.000000 3987.255763 2098.555665
2400.000000 4542.122018 2390.590536
2400.000000 4554.903955 2397.317871
2400.000000 2925.717368 1539.851246
2400.000000 4152.311006 2185.426845
2400.000000 4750.470012 2500.247375
2400.000000 3267.887005 1719.940529
2400.000000 2964.143199 1560.075368
2400.000000 4355.967232 2292.614333
2400.000000 4423.986847 2328.414130
2400.000000 2989.634801 1573.492001
2400.000000 3030.826764 1595.171981
2400.000000 3165.728106 1666.172688
2400.000000 3699.109454 1946.899713
2400.000000 4400.453954 2316.028397
2400.000000 3955.141061 2081.653190
2400.000000 3422.287685 1801.204045
2400.000000 3002.973769 1580.512510
2400.000000 3048.950026 1604.710540
2400.000000 3573.661534 1880.874492
2400.000000 2756.766499 1450.929736
2400.000000 4291.466872 2258.666775
2400.000000 3466.913433 1824.691280
2400.000000 4418.106758 2325.319346
2400.000000 4682.093168 2464.259562
2400.000000 4479.884972 2357.834196
2400.000000 4116.989461 2166.836558
2400.000000 4040.232911 2126.438374
2400.000000 3862.943474 2033.128144
2400.000000 3164.871519 1665.721852
2400.000000 2935.862277 1545.190672
2400.000000 3632.385230 1911.781700
2400.000000 2918.556278 1536.082252
2400.000000 3699.369573 1947.036617
2400.000000 3201.343039 1684.917389
2400.000000 4178.276757 2199.093030
2400.000000 4427.224989 2330.118415
2400.000000 3576.462356 1882.348608
2400.000000 4230.133974 2226.386302
2400.000000 3565.571201 1876.616422
2400.000000 2995.678145 1576.672708
2400.000000 3498.210208 1841.163267
2400.000000 4412.640478 2322.442357
2400.000000 4525.756387 2381.977046
2400.000000 4508.838137 2373.072704
2400.000000 3105.288415 1634.362324
2400.000000 4340.461408 2284.453373
2400.000000 3877.928992 2041.015259
2400.000000 3463.663332 1822.980701
2400.000000 2673.538582 1407.125569
2400.000000 2834.501702 1491.843001
2400.000000 4333.016880 2280.535200
2400.000000 4816.186712 2534.835112
2400.000000 4021.098307 2116.367530
2400.000000 3978.895177 2094.155356
2400.000000 3408.879172 1794.146933
2400.000000 4010.844176 2110.970619
2400.000000 2815.289968 1481.731562
2400.000000 4337.794334 2283.049649
2400.000000 4803.544238 2528.181178
2400.000000 4154.996971 2186.840511
2400.000000 3913.223374 2059.591249
2400.000000 3343.024954 1759.486818
2400.000000 3820.384876 2010.728882
2400.000000 2690.974357 1416.302293
2400.000000 3983.219982 2096.431570
2400.000000 4631.170952 2437.458396
2400.000000 2860.469464 1505.510244
2400.000000 3313.928232 1744.172753
2400.000000 3467.995053 1825.260554
2400.000000 4359.293411 2294.364953
2400.000000 4241.687160 2232.466926
2400.000000 4074.424217 2144.433799
2400.000000 4086.342110 2150.706374
2400.000000 4024.317872 2118.062038
2400.000000 3245.056665 1707.924561
2400.000000 2677.328799 1409.120421
2400.000000 3923.437511 2064.967111
2400.000000 4238.173473 2230.617618
2400.000000 4327.973260 2277.880663
2400.000000 4715.678341 2481.935969
2400.000000 3327.586132 1751.361122
2400.000000 3609.328987 1899.646835
2400.000000 4533.738757 2386.178293
2400.000000 4297.593597 2261.891367
2400.000000 2951.960310 1553.663321
2400.000000 2798.232755 1472.754081
2400.000000 3727.841914 1962.022060
2400.000000 3074.270973 1618.037354
2400.000000 3398.055422 1788.450222
2400.000000 3305.348668 1739.657194
2400.000000 4580.856252 2410.976975
2400.000000 4351.038035 2290.020018
2400.000000 3831.166906 2016.403635
2400.000000 3106.463302 1634.980685
2400.000000 4596.910606 2419.426635
2400.000000 3032.948330 1596.288595
2400.000000 4897.010994 2577.374207
2400.000000 3692.056595 1943.187682
2400.000000 4605.493279 2423.943831
2400.000000 3350.146104 1763.234791
2400.000000 4929.117597 2594.272420
2400.000000 4508.861810 2373.085163
2400.000000 4467.246977 2351.182619
2400.000000 3142.341152 1653.863764
2400.000000 4003.110985 2106.900518
2400.000000 4100.497976 2158.156830
2400.000000 4553.743750 2396.707237
2400.000000 4271.937381 2248.388095
2400.000000 3644.030479 1917.910779
2400.000000 3389.118834 1783.746755
2400.000000 2777.717181 1461.956411
2400.000000 3014.909769 1586.794615
2400.000000 4841.199471 2547.999722
2400.000000 3657.198666 1924.841403
2400.000000 3474.480097 1828.673735
2400.000000 3878.300034 2041.210544
2400.000000 3929.276114 2068.040060
2400.000000 3977.875534 2093.618702
2400.000000 2829.371627 1489.142962
2400.000000 4888.487123 2572.887960
2400.000000 3015.075191 1586.881679
2400.000000 4813.355133 2533.344807
2400.000000 4382.961712 2306.821954
2400.000000 4364.944080 2297.338990
2400.000000 3305.359143 1739.662707
2400.000000 4460.338574 2347.546618
2400.000000 4643.015748 2443.692499
2400.000000 2687.828376 1414.646513
2400.000000 4497.289273 2366.994354
2400.000000 3372.387636 1774.940861
2400.000000 4311.458152 2269.188501
2400.000000 4341.143863 2284.812560
2400.000000 4623.618638 2433.483494
2400.000000 3954.346972 2081.235248
2400.000000 3145.686572 1655.624512
2400.000000 3184.880082 1676.252675
2400.000000 4698.481582 2472.885043
2400.000000 4429.749681 2331.447201
2400.000000 4907.749749 2583.026184
2400.000000 3487.660838 1835.610968
2400.000000 3785.329307 1992.278582
2400.000000 4460.101965 2347.422087
2400.000000 3005.868930 1582.036279
2400.000000 3138.293841 1651.733600
2400.000000 4171.141430 2195.337595
2400.000000 3867.281523 2035.411328
2400.000000 3268.444659 1720.234031
2400.000000 2716.086961 1429.519453
2400.000000 2928.976074 1541.566355
2400.000000 4529.047094 2383.708997
2400.000000 3170.816785 1668.850939
2400.000000 4873.096674 2564.787723
2400.000000 4795.709266 2524.057508
2400.000000 2775.639043 1460.862654
2400.000000 3153.887960 1659.941031
2400.000000 3635.141951 1913.232606
2400.000000 3756.228260 1976.962242
2400.000000 4696.024523 2471.591854
2400.000000 3397.710134 1788.268492
2400.000000 3707.680867 1951.410983
2400.000000 3544.298651 1865.420342
2400.000000 4682.716160 2464.587452
2400.000000 2700.833729 1421.491437
2400.000000 2704.933609 1423.649268
2400.000000 2973.408951 1564.952079
2400.000000 3612.285006 1901.202635
2400.000000 3916.760646 2061.452971
2400.000000 4478.315508 2357.008162
2400.000000 3559.332861 1873.333085
2400.000000 4307.842954 2267.285765
2400.000000 3655.277530 1923.830279
2400.000000 4543.468535 2391.299229
2400.000000 4736.917153 2493.114291
2400.000000 3233.571501 1701.879737
2400.000000 2665.822589 1403.064521
2400.000000 4760.797064 2505.682665
2400.000000 3242.317204 1706.482739
2400.000000 2754.969088 1449.983730
2400.000000 4325.012909 2276.322583
2400.000000 2723.569123 1433.457433
2400.000000 3289.867939 1731.509442
2400.000000 3718.938568 1957.336088
2400.000000 2684.177508 1412.725004
2400.000000 3693.367431 1943.877595
2400.000000 4761.312594 2505.953997
2400.000000 4546.147442 2392.709180
2400.000000 4022.739458 2117.231293
2400.000000 4279.212594 2252.217155
2400.000000 4905.862922 2582.033117
2400.000000 2679.239976 1410.126303
2400.000000 3941.493647 2074.470341
2400.000000 3830.061453 2015.821818
2400.000000 2774.351161 1460.184822
2400.000000 4400.829811 2316.226216
2400.000000 3182.182152 1674.832712
2400.000000 3976.896701 2093.103527
2400.000000 3100.069090 1631.615311
2400.000000 3801.567770 2000.825142
2400.000000 4030.194884 2121.155202
2400.000000 2696.219340 1419.062810
2400.000000 3328.423937 1751.802072
2400.000000 2672.777529 1406.725015
2400.000000 4467.123659 2351.117715
2400.000000 3778.311153 1988.584817
2400.000000 2681.681521 1411.411327
2400.000000 4806.802724 2529.896170
2400.000000 3202.629886 1685.594677
2400.000000 4916.371377 2587.563882
2400.000000 4840.618405 2547.693897
2400.000000 3874.419967 2039.168404
2400.000000 3863.607384 2033.477570
2400.000000 3174.800528 1670.947647
2400.000000 4312.187518 2269.572378
2400.000000 3608.661484 1899.295518
2400.000000 3319.794868 1747.260457
2400.000000 4570.694008 2405.628425
2400.000000 4300.861195 2263.611155
2400.000000 4499.832791 2368.333048
2400.000000 3674.541044 1933.968971
2400.000000 4519.364469 2378.612879
2400.000000 2677.735286 1409.334361
2400.000000 3241.370121 1705.984274
2400.000000 4467.615311 2351.376479
2400.000000 2803.528608 1475.541373
2400.000000 2787.119169 1466.904826
2400.000000 3747.353993 1972.291575
2400.000000 3378.259686 1778.031414
2400.000000 2877.424118 1514.433747
2400.000000 4103.515580 2159.745042
2400.000000 3868.067605 2035.825055
2400.000000 4926.713212 2593.006954
2400.000000 4242.738024 2233.020012
2400.000000 3651.939684 1922.073518
2400.000000 3160.115948 1663.218920
2400.000000 2738.057577 1441.082935
2400.000000 3339.477065 1757.619508
2400.000000 3589.516022 1889.218959
2400.000000 4566.257505 2403.293424
2400.000000 2967.947545 1562.077655
2400.000000 3367.363458 1772.296557
2400.000000 4765.420410 2508.116005
2400.000000 3237.812655 1704.111924
2400.000000 3609.876750 1899.935132
2400.000000 4729.672432 2489.301280
2400.000000 4584.697398 2412.998631
2400.000000 3854.559296 2028.715419
2400.000000 3671.462163 1932.348507
2400.000000 3706.182311 1950.622269
2400.000000 2890.169254 1521.141713
2400.000000 2915.020736 1534.221440
2400.000000 2689.778397 1415.672840
2400.000000 3580.456826 1884.450961
2400.000000 2953.535842 1554.492548
2400.000000 2716.400744 1429.684602
2400.000000 3388.816127 1783.587435
2400.000000 4642.988902 2443.678369
2400.000000 3812.463065 2006.559508
2400.000000 3878.936979 2041.545778
2400.000000 4290.872594 2258.353997
2400.000000 3176.546157 1671.866398
2400.000000 4065.225541 2139.592390
2400.000000 2741.980868 1443.147825
2400.000000 4440.264922 2336.981538
2400.000000 4346.901090 2287.842679
2400.000000 3706.577428 1950.830225
2400.000000 4067.878117 2140.988483
2400.000000 4568.082564 2404.253981
2400.000000 4911.957675 2585.240882
2400.000000 3740.945517 1968.918693
2400.000000 4509.381883 2373.358886
2400.000000 3122.440015 1643.389482
2400.000000 4878.827913 2567.804165
2400.000000 4344.867348 2286.772288
2400.000000 4194.697215 2207.735376
2400.000000 2788.040583 1467.389780
2400.000000 4714.939402 2481.547054
2400.000000 3392.501758 1785.527241
2400.000000 4548.549150 2393.973237
2400.000000 3279.709220 1726.162747
2400.000000 3999.887525 2105.203961
2400.000000 3706.494736 1950.786703
2400.000000 3090.229532 1626.436596
2400.000000 4917.080980 2587.937358
2400.000000 3976.356257 2092.819083
2400.000000 2737.374131 1440.723227
2400.000000 3861.933393 2032.596523
2400.000000 4772.000013 2511.578954
2400.000000 4059.344494 2136.497102
2400.000000 3554.054929 1870.555226
2400.000000 3661.666564 1927.192929
2400.000000 3992.173877 2101.144146
2400.000000 3711.902751 1953.633027
2400.000000 3445.556918 1813.451010
2400.000000 3391.996487 1785.261309
2400.000000 4903.769735 2580.931439
2400.000000 4195.275158 2208.039557
2400.000000 3987.855296 2098.871208
2400.000000 4364.082616 2296.885587
2400.000000 3381.864259 1779.928557
2400.000000 4028.448991 2120.236311
2400.000000 4500.361951 2368.611553
2400.000000 3592.821417 1890.958640
2400.000000 3856.769163 2029.878507
2400.000000 2760.186577 1452.729777
2400.000000 4847.393534 2551.259755
2400.000000 4887.223397 2572.222840
2400.000000 4778.711239 2515.111179
2400.000000 3248.081530 1709.516595
2400.000000 3783.947481 1991.551306
2400.000000 4323.125711 2275.329322
2400.000000 3525.837916 1855.704166
2400.000000 4816.406972 2534.951038
2400.000000 4929.070633 2594.247702
2400.000000 3756.248265 1976.972771
2400.000000 4400.448285 2316.025413
2400.000000 4655.106769 2450.056194
2400.000000 3056.958695 1608.925629
2400.000000 3235.851577 1703.079778
2400.000000 3641.883626 1916.780856
2400.000000 4879.676128 2568.250594
2400.000000 4440.582657 2337.148767
2400.000000 3080.750678 1621.447725
2400.000000 4085.121010 2150.063689
2400.000000 3554.218647 1870.641393
2400.000000 3575.167214 1881.666955
2400.000000 3005.058069 1581.609510
2400.000000 4656.631171 2450.858511
2400.000000 2939.206449 1546.950763
2400.000000 4218.308099 2220.162158
2400.000000 4765.138673 2507.967723
2400.000000 3682.834425 1938.333908
2400.000000 3354.550052 1765.552659
2400.000000 2702.550356 1422.394924
2400.000000 3345.711317 1760.900693
2400.000000 3630.663167 1910.875351
2400.000000 3083.536689 1622.914047
2400.000000 3855.995186 2029.471150
2400.000000 4097.814516 2156.744482
2400.000000 4791.973167 2522.091140
2400.000000 3226.766457 1698.298136
2400.000000 3246.253911 1708.554690
2400.000000 2933.742310 1544.074900
2400.000000 4792.133789 2522.175679
2400.000000 2962.562056 1559.243187
2400.000000 3855.689476 2029.310251
2400.000000 4779.678918 2515.620483
2400.000000 4581.473868 2411.302036
2400.000000 3160.905025 1663.634224
2400.000000 3360.993604 1768.944002
2400.000000 2679.867673 1410.456670
2400.000000 3615.591646 1902.942972
2400.000000 4531.004871 2384.739406
2400.000000 3569.561652 1878.716659
2400.000000 3545.731502 1866.174475
2400.000000 3984.555733 2097.134596
2400.000000 3530.078658 1857.936136
2400.000000 4168.923213 2194.170112
2400.000000 3534.413182 1860.217464
2400.000000 3437.080212 1808.989585
2400.000000 3031.668599 1595.615052
2400.000000 4304.894019 2265.733694
2400.000000 4007.937426 2109.440751
2400.000000 2913.519494 1533.431313
2400.000000 3069.200003 1615.368423
2400.000000 4709.054994 2478.449997
2400.000000 4869.382427 2562.832857
2400.000000 3485.367542 1834.403969
2400.000000 4093.626323 2154.540170
2400.000000 4113.382643 2164.938233
2400.000000 4118.286452 2167.519185
2400.000000 2861.529631 1506.068227
2400.000000 4060.509490 2137.110258
2400.000000 2832.838850 1490.967816
2400.000000 3974.307217 2091.740641
2400.000000 4885.368281 2571.246464
2400.000000 4321.569585 2274.510308
2400.000000 4544.193543 2391.680812
2400.000000 3301.337432 1737.546017
2400.000000 4412.768211 2322.509585
2400.000000 3665.416225 1929.166434
2400.000000 3757.161797 1977.453577
2400.000000 3025.277595 1592.251366
2400.000000 4812.036775 2532.650934
2400.000000 4255.927025 2239.961592
2400.000000 4889.445867 2573.392561
2400.000000 4907.188956 2582.731029
2400.000000 4846.477254 2550.777502
2400.000000 4876.403374 2566.528091
2400.000000 2678.515363 1409.744928
2400.000000 3431.967154 1806.298502
2400.000000 3318.401578 1746.527146
2400.000000 4618.222566 2430.643456
2400.000000 4094.893579 2155.207147
2400.000000 3917.274307 2061.723320
2400.000000 4799.028860 2525.804663
2400.000000 4204.903973 2213.107354
2400.000000 4627.151286 2435.342782
2400.000000 4399.390007 2315.468425
2400.000000 2943.715542 1549.323970
2400.000000 4052.482476 2132.885514
2400.000000 2837.347638 1493.340862
2400.000000 3648.866099 1920.455842
2400.000000 4338.918721 2283.641432
2400.000000 3653.784594 1923.044523
2400.000000 2807.279887 1477.515730
2400.000000 4011.677929 2111.409436
2400.000000 3447.965186 1814.718519
2400.000000 4164.834515 2192.018166
2400.000000 3977.572121 2093.459011
2400.000000 3919.806960 2063.056295
2400.000000 3507.036325 1845.808592
2400.000000 2984.819663 1570.957717
2400.000000 4234.549623 2228.710328
2400.000000 4827.691916 2540.890482
2400.000000 3802.058773 2001.083565
