   5.0000001e-08   0.0000000e+00   0.0000000e+00
   1.0000000e-07   0.0000000e+00   0.0000000e+00
   1.5000000e-07   0.0000000e+00   0.0000000e+00
   2.0000000e-07   0.0000000e+00   0.0000000e+00
   2.5000001e-07   0.0000000e+00   0.0000000e+00
   3.0000001e-07   0.0000000e+00   0.0000000e+00
   3.5000001e-07   0.0000000e+00   0.0000000e+00
   4.0000001e-07   0.0000000e+00   0.0000000e+00
   4.5000001e-07   0.0000000e+00   0.0000000e+00
   5.0000001e-07   0.0000000e+00   0.0000000e+00
   5.5000001e-07   0.0000000e+00   0.0000000e+00
   6.0000001e-07   0.0000000e+00   0.0000000e+00
   6.5000001e-07   0.0000000e+00   0.0000000e+00
   7.0000001e-07   0.0000000e+00   0.0000000e+00
   7.5000001e-07   0.0000000e+00   0.0000000e+00
   8.0000002e-07   0.0000000e+00   0.0000000e+00
   8.5000002e-07   0.0000000e+00   0.0000000e+00
   9.0000002e-07   1.2015939e-37   4.1692595e-39
   9.5000002e-07   2.6341875e-36   2.4102562e-37
   1.0000000e-06   2.5528557e-35   4.1916601e-36
   1.0500000e-06   1.2840343e-34   3.8827241e-35
   1.1000000e-06   1.5989823e-34   2.2085828e-34
   1.1500000e-06  -2.6821580e-33   7.3755231e-34
   1.2000000e-06  -2.4517267e-32   5.5612537e-34
   1.2500000e-06  -1.1880783e-31  -8.9409827e-33
   1.3000000e-06  -3.6838197e-31  -5.7067794e-32
   1.3500000e-06  -5.9230607e-31  -1.7417161e-31
   1.4000000e-06   8.9063003e-31  -1.4288281e-31
   1.4500000e-06   1.0041002e-29   1.4365404e-30
   1.5000000e-06   3.8902404e-29   8.8971629e-30
   1.5500000e-06   9.3116685e-29   2.8779902e-29
   1.6000000e-06   1.1340617e-28   5.2555956e-29
   1.6500000e-06  -1.6116408e-28  -7.9604402e-30
   1.7000000e-06  -1.3424446e-27  -4.5423409e-28
   1.7500000e-06  -4.1718123e-27  -1.8915380e-27
   1.8000000e-06  -8.0174646e-27  -4.7500793e-27
   1.8500000e-06  -7.0126299e-27  -7.0277091e-27
   1.9000000e-06   1.5420161e-26   1.0923705e-27
   1.9500000e-06   8.6741327e-26   4.4186518e-26
   2.0000000e-06   2.2245799e-25   1.5856280e-25
   2.0500000e-06   3.5546045e-25   3.4943237e-25
   2.1000000e-06   2.1337235e-25   4.6501901e-25
   2.1500000e-06  -7.7512723e-25  -2.0240682e-26
   2.2000000e-06  -3.2984789e-24  -2.1607934e-24
   2.2500000e-06  -7.2939696e-24  -7.1437697e-24
   2.3000000e-06  -1.0091187e-23  -1.4473561e-23
   2.3500000e-06  -4.1092869e-24  -1.8012683e-23
   2.4000000e-06   2.3414723e-23  -9.0901162e-25
   2.4500000e-06   8.3657998e-23   6.5120045e-23
   2.5000001e-06   1.6663768e-22   2.0423751e-22
   2.5500001e-06   2.0873494e-22   3.8964218e-22
   2.6000001e-06   6.4355853e-23   4.6256890e-22
   2.6500001e-06  -4.7312368e-22   5.6877408e-23
   2.7000001e-06  -1.5322725e-21  -1.3545431e-21
   2.7500001e-06  -2.8555034e-21  -4.1008133e-21
   2.8000001e-06  -3.3821747e-21  -7.4802985e-21
   2.8500001e-06  -1.0155197e-21  -8.5843512e-21
   2.9000001e-06   6.8454527e-21  -1.5765544e-21
   2.9500001e-06   2.1315567e-20   2.0872000e-20
   3.0000001e-06   3.8344549e-20   6.1825301e-20
   3.0500001e-06   4.4545615e-20   1.0907949e-19
   3.1000001e-06   1.6063715e-20   1.2232683e-19
   3.1500001e-06  -7.3801022e-20   2.9447097e-20
   3.2000001e-06  -2.3286745e-19  -2.4955189e-19
   3.2500001e-06  -4.1498630e-19  -7.3285664e-19
   3.3000001e-06  -4.8602145e-19  -1.2631038e-18
   3.3500001e-06  -2.2375815e-19  -1.3979827e-18
   3.4000001e-06   6.0312866e-19  -4.1847801e-19
   3.4500001e-06   2.0446240e-18   2.3876903e-18
   3.5000001e-06   3.6920810e-18   7.0564073e-18
   3.5500001e-06   4.4435357e-18   1.1992272e-17
   3.6000001e-06   2.5597902e-18   1.3221422e-17
   3.6500001e-06  -3.6920185e-18   4.7838436e-18
   3.7000001e-06  -1.4650930e-17  -1.8654048e-17
   3.7500001e-06  -2.7396073e-17  -5.6503914e-17
   3.8000001e-06  -3.4333915e-17  -9.5558743e-17
   3.8500001e-06  -2.3813407e-17  -1.0584170e-16
   3.9000001e-06   1.5561737e-17  -4.5318489e-17
   3.9500001e-06   8.6328910e-17   1.2042095e-16
   4.0000001e-06   1.7125835e-16   3.8279632e-16
   4.0500001e-06   2.2574942e-16   6.5012944e-16
   4.1000001e-06   1.8212607e-16   7.2884173e-16
   4.1500001e-06  -2.5961292e-17   3.6217530e-16
   4.2000001e-06  -4.1734634e-16  -6.4482781e-16
   4.2500001e-06  -9.0718118e-16  -2.2218564e-15
   4.3000001e-06  -1.2697339e-15  -3.8246248e-15
   4.3500001e-06  -1.1612043e-15  -4.3668275e-15
   4.4000001e-06  -2.3838946e-16  -2.4715644e-15
   4.4500001e-06   1.6241059e-15   2.8451369e-15
   4.5000001e-06   4.0767725e-15   1.1150452e-14
   4.5500001e-06   6.1284265e-15   1.9638439e-14
   4.6000001e-06   6.2434460e-15   2.2949165e-14
   4.6500001e-06   2.8435389e-15   1.4533688e-14
   4.7000001e-06  -4.7902534e-15  -1.0074686e-14
   4.7500001e-06  -1.5465612e-14  -4.8701040e-14
   4.8000001e-06  -2.5393977e-14  -8.8631637e-14
   4.8500001e-06  -2.8528510e-14  -1.0639793e-13
   4.9000001e-06  -1.8423395e-14  -7.4165900e-14
   4.9500001e-06   8.4414016e-15   2.6396506e-14
   5.0000001e-06   4.8803535e-14   1.8599148e-13
   5.0500001e-06   9.0054835e-14   3.5347311e-13
   5.1000001e-06   1.1119325e-13   4.3697866e-13
   5.1500001e-06   8.8892645e-14   3.3023757e-13
   5.2000001e-06   8.4128989e-15  -3.4856758e-14
   5.2500001e-06  -1.2373116e-13  -6.2346688e-13
   5.3000001e-06  -2.7110258e-13  -1.2512351e-12
   5.3500001e-06  -3.6944493e-13  -1.5947240e-12
   5.4000001e-06  -3.4421283e-13  -1.2881413e-12
   5.4500001e-06  -1.4248856e-13  -1.0296267e-13
   5.5000001e-06   2.2979895e-13   1.8430329e-12
   5.5500001e-06   6.8167238e-13   3.9489640e-12
   5.6000001e-06   1.0404391e-12   5.1848053e-12
   5.6500001e-06   1.0967018e-12   4.4128009e-12
   5.7000001e-06   6.8763907e-13   9.4431353e-13
   5.7500001e-06  -2.0558186e-13  -4.8492425e-12
   5.8000001e-06  -1.3878431e-12  -1.1178895e-11
   5.8500001e-06  -2.4529393e-12  -1.5060755e-11
   5.9000001e-06  -2.8871835e-12  -1.3292078e-11
   5.9500001e-06  -2.2633241e-12  -4.0273700e-12
   6.0000001e-06  -4.6636685e-13   1.1601723e-11
   6.0500001e-06   2.1441419e-12   2.8670457e-11
   6.1000001e-06   4.7342377e-12   3.9262406e-11
   6.1500001e-06   6.2129429e-12   3.5207389e-11
   6.2000001e-06   5.6359010e-12   1.2180644e-11
   6.2500001e-06   2.6650301e-12  -2.6398382e-11
   6.3000001e-06  -2.1132781e-12  -6.7810230e-11
   6.3500001e-06  -7.2004651e-12  -9.2647071e-11
   6.4000001e-06  -1.0614214e-11  -8.1982574e-11
   6.4500001e-06  -1.0642990e-11  -2.7241463e-11
   6.5000001e-06  -6.6557515e-12   6.1285324e-11
   6.5500001e-06   4.0113654e-13   1.5227394e-10
   6.6000001e-06   8.1281483e-12   2.0121184e-10
   6.6500001e-06   1.3497309e-11   1.6810950e-10
   6.7000001e-06   1.4129152e-11   3.9701315e-11
   6.7500001e-06   9.4898776e-12  -1.5368512e-10
   6.8000001e-06   1.3951915e-12  -3.3739855e-10
   6.8500001e-06  -6.5761003e-12  -4.1436254e-10
   6.9000001e-06  -1.0676951e-11  -3.0673838e-10
   6.9500001e-06  -8.9588293e-12  -3.1250562e-12
   7.0000001e-06  -2.6213582e-12   4.1109052e-10
   7.0500001e-06   4.1479715e-12   7.6213025e-10
   7.1000001e-06   6.1209883e-12   8.4483526e-10
   7.1500001e-06   9.9058531e-14   5.1667282e-10
   7.2000001e-06  -1.2392368e-11  -2.0608214e-10
   7.2500001e-06  -2.4511879e-11  -1.0983862e-09
   7.3000001e-06  -2.6647700e-11  -1.7647012e-09
   7.3500001e-06  -1.1626534e-11  -1.7775235e-09
   7.4000001e-06   1.9620699e-11  -8.8173524e-10
   7.4500001e-06   5.5188409e-11   8.1467555e-10
   7.5000002e-06   7.4910356e-11   2.7634472e-09
   7.5500002e-06   5.9221066e-11   4.0899080e-09
   7.6000002e-06   1.3770929e-12   3.9071009e-09
   7.6500002e-06  -8.2749002e-11   1.7442338e-09
   7.7000002e-06  -1.5395089e-10  -2.0804265e-09
   7.7500002e-06  -1.6218477e-10  -6.3403984e-09
   7.8000002e-06  -7.0692237e-11  -9.1753920e-09
   7.8500002e-06   1.1684426e-10  -8.7556753e-09
   7.9000002e-06   3.3972283e-10  -4.1471329e-09
   7.9500002e-06   4.8749987e-10   3.9645571e-09
   8.0000002e-06   4.3700887e-10   1.3069771e-08
   8.0500002e-06   1.1185723e-10   1.9402174e-08
   8.1000002e-06  -4.5709458e-10   1.9248210e-08
   8.1500002e-06  -1.1003297e-09   1.0623308e-08
   8.2000002e-06  -1.5341380e-09  -5.3324878e-09
   8.2500002e-06  -1.4502699e-09  -2.3940627e-08
   8.3000002e-06  -6.5217687e-10  -3.8007084e-08
   8.3500002e-06   8.0926443e-10  -4.0224506e-08
   8.4000002e-06   2.5635110e-09  -2.6275666e-08
   8.4500002e-06   3.9664818e-09   2.5195968e-09
   8.5000002e-06   4.2843076e-09   3.8267242e-08
   8.5500002e-06   2.9786362e-09   6.8101926e-08
   8.6000002e-06   1.4839599e-12   7.8279406e-08
   8.6500002e-06  -4.0243879e-09   5.9641344e-08
   8.7000002e-06  -7.8508204e-09   1.2496396e-08
   8.7500002e-06  -9.9223580e-09  -5.1244267e-08
   8.8000002e-06  -8.9122336e-09  -1.1018518e-07
   8.8500002e-06  -4.3154502e-09  -1.3990282e-07
   8.9000002e-06   3.1280054e-09  -1.2205975e-07
   8.9500002e-06   1.1395390e-08  -5.3052169e-08
   9.0000002e-06   1.7641231e-08   5.1398214e-08
   9.0500002e-06   1.9093132e-08   1.5839372e-07
   9.1000002e-06   1.4131009e-08   2.2726310e-07
   9.1500002e-06   3.1653296e-09   2.2392015e-07
   9.2000002e-06  -1.1076625e-08   1.3545281e-07
   9.2500002e-06  -2.4098240e-08  -2.0780934e-08
   9.3000002e-06  -3.0977830e-08  -1.9817253e-07
   9.3500002e-06  -2.8149463e-08  -3.3347405e-07
   9.4000002e-06  -1.5012967e-08  -3.6817048e-07
   9.4500002e-06   5.2901474e-09  -2.7182418e-07
   9.5000002e-06   2.6401255e-08  -5.8625488e-08
   9.5500002e-06   4.0614264e-08   2.1047681e-07
   9.6000002e-06   4.1612040e-08   4.4335144e-07
   9.6500002e-06   2.7156247e-08   5.4687854e-07
   9.7000002e-06   6.6140005e-10   4.6244324e-07
   9.7500002e-06  -2.9176761e-08   1.9380492e-07
   9.8000002e-06  -5.0912735e-08  -1.8469942e-07
   9.8500002e-06  -5.4438509e-08  -5.4591214e-07
   9.9000002e-06  -3.5289130e-08  -7.5072626e-07
   9.9500002e-06   2.5105882e-09  -6.9975715e-07
   1.0000000e-05   4.6472277e-08  -3.7738121e-07
   1.0050000e-05   7.9081403e-08   1.3012756e-07
   1.0100000e-05   8.3929116e-08   6.5327635e-07
   1.0150000e-05   5.2614013e-08   9.9301326e-07
   1.0200000e-05  -1.0184691e-08   9.9359443e-07
   1.0250000e-05  -8.5835360e-08   6.0906319e-07
   1.0300000e-05  -1.4625418e-07  -6.3480499e-08
   1.0350000e-05  -1.6306178e-07  -8.0154319e-07
   1.0400000e-05  -1.1872316e-07  -1.3261945e-06
   1.0450000e-05  -1.5720017e-08  -1.4027046e-06
   1.0500000e-05   1.2017642e-07  -9.3811593e-07
   1.0550000e-05   2.4492431e-07  -3.7328615e-08
   1.0600000e-05   3.0917931e-07   1.0099109e-06
   1.0650000e-05   2.7578105e-07   1.8156524e-06
   1.0700000e-05   1.3600111e-07   2.0305558e-06
   1.0750000e-05  -8.1753974e-08   1.4847378e-06
   1.0800000e-05  -3.1536266e-07   2.7867998e-07
   1.0850000e-05  -4.8537891e-07  -1.2177317e-06
   1.0900000e-05  -5.2058317e-07  -2.4701203e-06
   1.0950000e-05  -3.8488946e-07  -2.9621194e-06
   1.1000000e-05  -9.6057050e-08  -2.3957689e-06
   1.1050000e-05   2.7185303e-07  -8.3539265e-07
   1.1100000e-05   6.0567481e-07   1.2675291e-06
   1.1150000e-05   7.8679540e-07   3.1936213e-06
   1.1200000e-05   7.3169485e-07   4.1924177e-06
   1.1250000e-05   4.2596074e-07   3.7619943e-06
   1.1300000e-05  -6.1163242e-08   1.8709696e-06
   1.1350000e-05  -5.8945591e-07  -9.6841995e-07
   1.1400000e-05  -9.8675093e-07  -3.8225626e-06
   1.1450000e-05  -1.1040096e-06  -5.6324607e-06
   1.1500000e-05  -8.6917203e-07  -5.5937708e-06
   1.1550000e-05  -3.2085057e-07  -3.4886223e-06
   1.1600000e-05   3.9222758e-07   1.6096810e-07
   1.1650000e-05   1.0497339e-06   4.1970047e-06
   1.1700000e-05   1.4270352e-06   7.1787022e-06
   1.1750000e-05   1.3710372e-06   7.8827543e-06
   1.1800000e-05   8.5921431e-07   5.7816264e-06
   1.1850000e-05   1.9723663e-08   1.3194700e-06
   1.1900000e-05  -8.9813039e-07  -4.1399881e-06
   1.1950000e-05  -1.5975594e-06  -8.7114231e-06
   1.2000000e-05  -1.8306675e-06  -1.0623090e-05
   1.2050000e-05  -1.4862696e-06  -8.8805091e-06
   1.2100000e-05  -6.3809313e-07  -3.7166262e-06
   1.2150000e-05   4.6655060e-07   3.3606432e-06
   1.2200000e-05   1.4784474e-06   9.9838935e-06
   1.2250000e-05   2.0583409e-06   1.3700568e-05
   1.2300000e-05   1.9931747e-06   1.2858964e-05
   1.2350000e-05   1.2766352e-06   7.2923694e-06
   1.2400000e-05   1.2341410e-07  -1.4695702e-06
   1.2450000e-05  -1.0923750e-06  -1.0586604e-05
   1.2500000e-05  -1.9582087e-06  -1.6808537e-05
   1.2550000e-05  -2.1650599e-06  -1.7612399e-05
   1.2600000e-05  -1.6215630e-06  -1.2184879e-05
   1.2650000e-05  -4.9821813e-07  -1.8785473e-06
   1.2700000e-05   8.1872668e-07   1.0072558e-05
   1.2750000e-05   1.8533781e-06   1.9542973e-05
   1.2800000e-05   2.2067284e-06   2.2917453e-05
   1.2850000e-05   1.7068081e-06   1.8435107e-05
   1.2900000e-05   4.8741538e-07   6.9864359e-06
   1.2950000e-05  -1.0381062e-06  -7.9713609e-06
   1.3000000e-05  -2.3064974e-06  -2.1426571e-05
   1.3050000e-05  -2.7989777e-06  -2.8468559e-05
   1.3100000e-05  -2.2356610e-06  -2.6047706e-05
   1.3150000e-05  -7.0025425e-07  -1.4218335e-05
   1.3200000e-05   1.3552974e-06   3.6226058e-06
   1.3250000e-05   3.2378282e-06   2.1668502e-05
   1.3300000e-05   4.2375177e-06   3.3569519e-05
   1.3350000e-05   3.8787753e-06   3.4641711e-05
   1.3400000e-05   2.1113883e-06   2.3658757e-05
   1.3450000e-05  -6.2985231e-07   3.5555709e-06
   1.3500000e-05  -3.5285066e-06  -1.9290957e-05
   1.3550000e-05  -5.6301124e-06  -3.7057369e-05
   1.3600000e-05  -6.1533410e-06  -4.3132542e-05
   1.3650000e-05  -4.7676021e-06  -3.4544999e-05
   1.3700000e-05  -1.7405461e-06  -1.3279170e-05
   1.3750000e-05   2.1032902e-06   1.4068227e-05
   1.3800000e-05   5.6113349e-06   3.8290142e-05
   1.3850000e-05   7.6549077e-06   5.0638326e-05
   1.3900000e-05   7.4949980e-06   4.5947207e-05
   1.3950000e-05   5.0423000e-06   2.4709510e-05
   1.4000000e-05   9.2104722e-07  -6.7042129e-06
   1.4050000e-05  -3.6932288e-06  -3.7887607e-05
   1.4100000e-05  -7.4189302e-06  -5.7791724e-05
   1.4150000e-05  -9.0921321e-06  -5.8576508e-05
   1.4200000e-05  -8.1353955e-06  -3.8593607e-05
   1.4250000e-05  -4.7522885e-06  -3.3929468e-06
   1.4300000e-05   1.1819466e-07   3.5730573e-05
   1.4350000e-05   5.0769568e-06   6.5301057e-05
   1.4400000e-05   8.6854752e-06   7.4225325e-05
   1.4450000e-05   9.9000672e-06   5.7826524e-05
   1.4500000e-05   8.3831264e-06   1.9908564e-05
   1.4550000e-05   4.5943034e-06  -2.7990118e-05
   1.4600000e-05  -3.6425277e-07  -7.0069575e-05
   1.4650000e-05  -5.0953699e-06  -9.1434675e-05
   1.4700000e-05  -8.3328632e-06  -8.3275205e-05
   1.4750000e-05  -9.3092031e-06  -4.6277633e-05
   1.4800000e-05  -7.9506572e-06   9.0075973e-06
   1.4850000e-05  -4.8455777e-06   6.5146713e-05
   1.4900000e-05  -1.0078662e-06   1.0332462e-04
   1.4950000e-05   2.4755457e-06   1.0963395e-04
   1.5000000e-05   4.7896092e-06   8.0053949e-05
   1.5050000e-05   5.6132817e-06   2.2357150e-05
   1.5100000e-05   5.1514535e-06  -4.5865283e-05
   1.5150000e-05   3.9788720e-06  -1.0259026e-04
   1.5200000e-05   2.7649069e-06  -1.2851083e-04
   1.5250000e-05   1.9881979e-06  -1.1361740e-04
   1.5300000e-05   1.7501457e-06  -6.0966115e-05
   1.5350000e-05   1.7564645e-06   1.3761688e-05
   1.5400000e-05   1.4713676e-06   8.6943044e-05
   1.5450000e-05   3.8297952e-07   1.3454165e-04
   1.5500000e-05  -1.7247012e-06   1.4006540e-04
   1.5550000e-05  -4.6027540e-06   1.0029980e-04
   1.5600000e-05  -7.5449279e-06   2.6816253e-05
   1.5650000e-05  -9.5818850e-06  -5.7391910e-05
   1.5700000e-05  -9.8030614e-06  -1.2517441e-04
   1.5750000e-05  -7.6973665e-06  -1.5407715e-04
   1.5800000e-05  -3.3916299e-06  -1.3387010e-04
   1.5850000e-05   2.3043222e-06  -7.0202834e-05
   1.5900000e-05   8.0744931e-06   1.6925604e-05
   1.5950000e-05   1.2449991e-05   9.9489589e-05
   1.6000000e-05   1.4233030e-05   1.5054626e-04
   1.6050000e-05   1.2859772e-05   1.5315149e-04
   1.6100000e-05   8.5870315e-06   1.0610857e-04
   1.6150000e-05   2.4420065e-06   2.4578561e-05
   1.6200000e-05  -4.0521713e-06  -6.4738204e-05
   1.6250000e-05  -9.2934179e-06  -1.3233129e-04
   1.6300000e-05  -1.2036287e-05  -1.5567047e-04
   1.6350000e-05  -1.1719391e-05  -1.2680491e-04
   1.6400000e-05  -8.5939255e-06  -5.5196542e-05
   1.6450000e-05  -3.6247113e-06   3.5236462e-05
   1.6500000e-05   1.7972648e-06   1.1396903e-04
   1.6550000e-05   6.2399645e-06   1.5405829e-04
   1.6600000e-05   8.6009977e-06   1.4128770e-04
   1.6650000e-05   8.3653013e-06   7.9170604e-05
   1.6700000e-05   5.6921745e-06  -1.1946647e-05
   1.6750000e-05   1.3272247e-06  -1.0148489e-04
   1.6800000e-05  -3.6174854e-06  -1.5880870e-04
   1.6850000e-05  -7.9433248e-06  -1.6360164e-04
   1.6900000e-05  -1.0629931e-05  -1.1293123e-04
   1.6950000e-05  -1.1028402e-05  -2.2552735e-05
   1.7000000e-05  -8.9564610e-06   7.8087796e-05
   1.7050000e-05  -4.6987557e-06   1.5555903e-04
   1.7100000e-05   1.0654402e-06   1.8364121e-04
   1.7150000e-05   7.3798337e-06   1.5224273e-04
   1.7200000e-05   1.3152777e-05   7.0989307e-05
   1.7250000e-05   1.7311437e-05  -3.3788405e-05
   1.7300000e-05   1.8962328e-05  -1.2771583e-04
   1.7350000e-05   1.7548817e-05  -1.7980923e-04
   1.7400000e-05   1.2985598e-05  -1.7285025e-04
   1.7450000e-05   5.7387560e-06  -1.0920406e-04
   1.7500000e-05  -3.1836887e-06  -1.0106577e-05
   1.7550000e-05  -1.2355258e-05   9.1361682e-05
   1.7600000e-05  -2.0167441e-05   1.6127908e-04
   1.7650000e-05  -2.5143641e-05   1.7619418e-04
   1.7700000e-05  -2.6263659e-05   1.3097272e-04
   1.7750000e-05  -2.3215618e-05   4.0563315e-05
   1.7800000e-05  -1.6500360e-05  -6.4911910e-05
   1.7850000e-05  -7.3467058e-06  -1.5012076e-04
   1.7900000e-05   2.5536415e-06  -1.8624269e-04
   1.7950000e-05   1.1430138e-05  -1.6056876e-04
   1.8000000e-05   1.7837261e-05  -8.0795289e-05
   1.8050000e-05   2.0969368e-05   2.7426449e-05
   1.8100000e-05   2.0800731e-05   1.2889566e-04
   1.8150000e-05   1.8014722e-05   1.9045883e-04
   1.8200000e-05   1.3747829e-05   1.9196255e-04
   1.8250000e-05   9.2286491e-06   1.3292111e-04
   1.8300000e-05   5.4218481e-06   3.2666670e-05
   1.8350000e-05   2.7828410e-06  -7.6084107e-05
   1.8400000e-05   1.1916758e-06  -1.5810675e-04
   1.8450000e-05   7.6532437e-08  -1.8734754e-04
   1.8500000e-05  -1.3229002e-06  -1.5548441e-04
   1.8550000e-05  -3.6444653e-06  -7.4502655e-05
   1.8600000e-05  -7.1485911e-06   2.7548256e-05
   1.8650000e-05  -1.1599804e-05   1.1613291e-04
   1.8700000e-05  -1.6316148e-05   1.6185657e-04
   1.8750000e-05  -2.0360492e-05   1.5019221e-04
   1.8800000e-05  -2.2801974e-05   8.6060216e-05
   1.8850000e-05  -2.2957500e-05  -8.1814487e-06
   1.8900000e-05  -2.0538017e-05  -1.0051578e-04
   1.8950000e-05  -1.5665399e-05  -1.6006506e-04
   1.9000000e-05  -8.7768549e-06  -1.6722447e-04
   1.9050000e-05  -4.7478841e-07  -1.1979153e-04
   1.9100000e-05   8.6050395e-06  -3.3208813e-05
   1.9150000e-05   1.7850924e-05   6.4937769e-05
   1.9200000e-05   2.6643336e-05   1.4413979e-04
   1.9250000e-05   3.4267454e-05   1.8075958e-04
   1.9300000e-05   3.9838924e-05   1.6521502e-04
   1.9350000e-05   4.2317373e-05   1.0437296e-04
   1.9400000e-05   4.0653493e-05   1.8613448e-05
   1.9450000e-05   3.4061457e-05  -6.5245353e-05
   1.9500000e-05   2.2348493e-05  -1.2271115e-04
   1.9550000e-05   6.1912710e-06  -1.3919482e-04
   1.9600000e-05  -1.2757374e-05  -1.1402792e-04
   1.9650000e-05  -3.2010950e-05  -5.9782225e-05
   1.9700000e-05  -4.8649861e-05   2.6890052e-06
   1.9750000e-05  -5.9905167e-05   5.1684947e-05
   1.9800000e-05  -6.3782194e-05   7.1996088e-05
   1.9850000e-05  -5.9551359e-05   5.9673479e-05
   1.9900000e-05  -4.7956950e-05   2.2684508e-05
   1.9950000e-05  -3.1066880e-05  -2.2631928e-05
   2.0000000e-05  -1.1787966e-05  -5.7916321e-05
   2.0050000e-05   6.8282902e-06  -6.9573027e-05
   2.0100000e-05   2.2297374e-05  -5.3505606e-05
   2.0150000e-05   3.3228062e-05  -1.6130491e-05
   2.0200000e-05   3.9512408e-05   2.8571447e-05
   2.0250000e-05   4.2129304e-05   6.4698936e-05
   2.0300000e-05   4.2631054e-05   8.0509933e-05
   2.0350000e-05   4.2482672e-05   7.2584444e-05
   2.0400000e-05   4.2471660e-05   4.6551788e-05
   2.0450000e-05   4.2384258e-05   1.4270122e-05
   2.0500000e-05   4.1058291e-05  -1.1256845e-05
   2.0550000e-05   3.6799331e-05  -2.1116197e-05
   2.0600000e-05   2.8026614e-05  -1.3819076e-05
   2.0650000e-05   1.3937400e-05   4.4632393e-06
   2.0700000e-05  -5.0303383e-06   2.2681603e-05
   2.0750000e-05  -2.7094080e-05   2.9482007e-05
   2.0800000e-05  -4.9425511e-05   1.7754843e-05
   2.0850000e-05  -6.8769543e-05  -1.2511050e-05
   2.0900000e-05  -8.2204249e-05  -5.4005774e-05
   2.0950000e-05  -8.7824752e-05  -9.4460331e-05
   2.1000000e-05  -8.5166532e-05  -1.2069350e-04
   2.1050000e-05  -7.5270960e-05  -1.2298192e-04
   2.1100000e-05  -6.0408674e-05  -9.8393721e-05
   2.1150000e-05  -4.3574892e-05  -5.2106821e-05
   2.1200000e-05  -2.7925475e-05   3.6684728e-06
   2.1250000e-05  -1.6318389e-05   5.2887190e-05
   2.1300000e-05  -1.1068495e-05   8.0129961e-05
   2.1350000e-05  -1.3937225e-05   7.5070617e-05
   2.1400000e-05  -2.6294416e-05   3.5593497e-05
   2.1450000e-05  -4.9335773e-05  -3.1516123e-05
   2.1500000e-05  -8.4233274e-05  -1.1271384e-04
   2.1550000e-05  -1.3213682e-04  -1.9215469e-04
   2.1600000e-05  -1.9401674e-04  -2.5707626e-04
   2.1650000e-05  -2.7041178e-04  -3.0224407e-04
   2.1700000e-05  -3.6119678e-04  -3.3180224e-04
   2.1750000e-05  -4.6549094e-04  -3.5776637e-04
   2.1800000e-05  -5.8178598e-04  -3.9567676e-04
   2.1850000e-05  -7.0829899e-04  -4.5907556e-04
   2.1900000e-05  -8.4347464e-04  -5.5496540e-04
   2.1950000e-05  -9.8650204e-04  -6.8199623e-04
   2.2000000e-05  -1.1377035e-03  -8.3196734e-04
   2.2050000e-05  -1.2986899e-03  -9.9384028e-04
   2.2100000e-05  -1.4722573e-03  -1.1584649e-03
   2.2150000e-05  -1.6620870e-03  -1.3220711e-03
   2.2200000e-05  -1.8723754e-03  -1.4873045e-03
   2.2250000e-05  -2.1075341e-03  -1.6617840e-03
   2.2300000e-05  -2.3720656e-03  -1.8552365e-03
   2.2350000e-05  -2.6706415e-03  -2.0767120e-03
   2.2400000e-05  -3.0083237e-03  -2.3330499e-03
   2.2450000e-05  -3.3908065e-03  -2.6289325e-03
   2.2500000e-05  -3.8245500e-03  -2.9680049e-03
   2.2550000e-05  -4.3167043e-03  -3.3541378e-03
   2.2600000e-05  -4.8748120e-03  -3.7920813e-03
   2.2650000e-05  -5.5063497e-03  -4.2873202e-03
   2.2700000e-05  -6.2182457e-03  -4.8454842e-03
   2.2750000e-05  -7.0165158e-03  -5.4718424e-03
   2.2800000e-05  -7.9061324e-03  -6.1711841e-03
   2.2850000e-05  -8.8911764e-03  -6.9479449e-03
   2.2900000e-05  -9.9752387e-03  -7.8062005e-03
   2.2950000e-05  -1.1161961e-02  -8.7492662e-03
   2.3000000e-05  -1.2455580e-02  -9.7791124e-03
   2.3050000e-05  -1.3861353e-02  -1.0896233e-02
   2.3100000e-05  -1.5385764e-02  -1.2100620e-02
   2.3150000e-05  -1.7036520e-02  -1.3393979e-02
   2.3200000e-05  -1.8822359e-02  -1.4782456e-02
   2.3250000e-05  -2.0752793e-02  -1.6278500e-02
   2.3300000e-05  -2.2837879e-02  -1.7900513e-02
   2.3350000e-05  -2.5088103e-02  -1.9669803e-02
   2.3400000e-05  -2.7514394e-02  -2.1605726e-02
   2.3450000e-05  -3.0128242e-02  -2.3721019e-02
   2.3500000e-05  -3.2941796e-02  -2.6019519e-02
   2.3550000e-05  -3.5967842e-02  -2.8497590e-02
   2.3600000e-05  -3.9219610e-02  -3.1148814e-02
   2.3650000e-05  -4.2710297e-02  -3.3969991e-02
   2.3700000e-05  -4.6452463e-02  -3.6965732e-02
   2.3750000e-05  -5.0457355e-02  -4.0149640e-02
   2.3800000e-05  -5.4734327e-02  -4.3541674e-02
   2.3850000e-05  -5.9290461e-02  -4.7163099e-02
   2.3900000e-05  -6.4130493e-02  -5.1031429e-02
   2.3950000e-05  -6.9257006e-02  -5.5157416e-02
   2.4000000e-05  -7.4670784e-02  -5.9544921e-02
   2.4050000e-05  -8.0371253e-02  -6.4192817e-02
   2.4100000e-05  -8.6356863e-02  -6.9097310e-02
   2.4150000e-05  -9.2625327e-02  -7.4253209e-02
   2.4200000e-05  -9.9173620e-02  -7.9653889e-02
   2.4250000e-05  -1.0599793e-01  -8.5290700e-02
   2.4300000e-05  -1.1309335e-01  -9.1153406e-02
   2.4350000e-05  -1.2045354e-01  -9.7232081e-02
   2.4400000e-05  -1.2807046e-01  -1.0352017e-01
   2.4450000e-05  -1.3593404e-01  -1.1001679e-01
   2.4500000e-05  -1.4403203e-01  -1.1672645e-01
   2.4550000e-05  -1.5234989e-01  -1.2365566e-01
   2.4600000e-05  -1.6087091e-01  -1.3080721e-01
   2.4650000e-05  -1.6957629e-01  -1.3817488e-01
   2.4700000e-05  -1.7844537e-01  -1.4574118e-01
   2.4750000e-05  -1.8745565e-01  -1.5347923e-01
   2.4800000e-05  -1.9658282e-01  -1.6135810e-01
   2.4850000e-05  -2.0580049e-01  -1.6934867e-01
   2.4900000e-05  -2.1507978e-01  -1.7742714e-01
   2.4950000e-05  -2.2438899e-01  -1.8557455e-01
   2.5000000e-05  -2.3369302e-01  -1.9377285e-01
   2.5050001e-05  -2.4295321e-01  -2.0200026e-01
   2.5100001e-05  -2.5212723e-01  -2.1022868e-01
   2.5150001e-05  -2.6116937e-01  -2.1842463e-01
   2.5200001e-05  -2.7003109e-01  -2.2655308e-01
   2.5250001e-05  -2.7866179e-01  -2.3458128e-01
   2.5300001e-05  -2.8700966e-01  -2.4247995e-01
   2.5350001e-05  -2.9502255e-01  -2.5022078e-01
   2.5400001e-05  -3.0264875e-01  -2.5777128e-01
   2.5450001e-05  -3.0983749e-01  -2.6509088e-01
   2.5500001e-05  -3.1653899e-01  -2.7213025e-01
   2.5550001e-05  -3.2270461e-01  -2.7883625e-01
   2.5600001e-05  -3.2828662e-01  -2.8515932e-01
   2.5650001e-05  -3.3323771e-01  -2.9106039e-01
   2.5700001e-05  -3.3751118e-01  -2.9651323e-01
   2.5750001e-05  -3.4106097e-01  -3.0150071e-01
   2.5800001e-05  -3.4384227e-01  -3.0600739e-01
   2.5850001e-05  -3.4581235e-01  -3.1001219e-01
   2.5900001e-05  -3.4693158e-01  -3.1348559e-01
   2.5950001e-05  -3.4716415e-01  -3.1639236e-01
   2.6000001e-05  -3.4647888e-01  -3.1869900e-01
   2.6050001e-05  -3.4484911e-01  -3.2038063e-01
   2.6100001e-05  -3.4225288e-01  -3.2142386e-01
   2.6150001e-05  -3.3867228e-01  -3.2182401e-01
   2.6200001e-05  -3.3409327e-01  -3.2157838e-01
   2.6250001e-05  -3.2850531e-01  -3.2068023e-01
   2.6300001e-05  -3.2190135e-01  -3.1911716e-01
   2.6350001e-05  -3.1427824e-01  -3.1687534e-01
   2.6400001e-05  -3.0563718e-01  -3.1394711e-01
   2.6450001e-05  -2.9598409e-01  -3.1033754e-01
   2.6500001e-05  -2.8533041e-01  -3.0606556e-01
   2.6550001e-05  -2.7369329e-01  -3.0115929e-01
   2.6600001e-05  -2.6109579e-01  -2.9564777e-01
   2.6650001e-05  -2.4756682e-01  -2.8955472e-01
   2.6700001e-05  -2.3314087e-01  -2.8289768e-01
   2.6750001e-05  -2.1785747e-01  -2.7569339e-01
   2.6800001e-05  -2.0176063e-01  -2.6796606e-01
   2.6850001e-05  -1.8489821e-01  -2.5975308e-01
   2.6900001e-05  -1.6732152e-01  -2.5110403e-01
   2.6950001e-05  -1.4908497e-01  -2.4207349e-01
   2.7000001e-05  -1.3024601e-01  -2.3271108e-01
   2.7050001e-05  -1.1086503e-01  -2.2305557e-01
   2.7100001e-05  -9.1005430e-02  -2.1313670e-01
   2.7150001e-05  -7.0733331e-02  -2.0298429e-01
   2.7200001e-05  -5.0117262e-02  -1.9263977e-01
   2.7250001e-05  -2.9227648e-02  -1.8216285e-01
   2.7300001e-05  -8.1362044e-03  -1.7162885e-01
   2.7350001e-05   1.3084575e-02  -1.6111693e-01
   2.7400001e-05   3.4361850e-02  -1.5069553e-01
   2.7450001e-05   5.5622783e-02  -1.4041246e-01
   2.7500001e-05   7.6794855e-02  -1.3029535e-01
   2.7550001e-05   9.7806364e-02  -1.2036207e-01
   2.7600001e-05   1.1858699e-01  -1.1063525e-01
   2.7650001e-05   1.3906857e-01  -1.0115257e-01
   2.7700001e-05   1.5918583e-01  -9.1967024e-02
   2.7750001e-05   1.7887704e-01  -8.3137468e-02
   2.7800001e-05   1.9808438e-01  -7.4715249e-02
   2.7850001e-05   2.1675409e-01  -6.6735215e-02
   2.7900001e-05   2.3483644e-01  -5.9216484e-02
   2.7950001e-05   2.5228569e-01  -5.2172273e-02
   2.8000001e-05   2.6906011e-01  -4.5622528e-02
   2.8050001e-05   2.8512198e-01  -3.9600864e-02
   2.8100001e-05   3.0043811e-01  -3.4150962e-02
   2.8150001e-05   3.1497985e-01  -2.9313819e-02
   2.8200001e-05   3.2872358e-01  -2.5113242e-02
   2.8250001e-05   3.4165084e-01  -2.1548478e-02
   2.8300001e-05   3.5374850e-01  -1.8598981e-02
   2.8350001e-05   3.6500865e-01  -1.6239218e-02
   2.8400001e-05   3.7542868e-01  -1.4455361e-02
   2.8450001e-05   3.8501093e-01  -1.3254408e-02
   2.8500001e-05   3.9376220e-01  -1.2660583e-02
   2.8550001e-05   4.0169320e-01  -1.2701383e-02
   2.8600001e-05   4.0881786e-01  -1.3391755e-02
   2.8650001e-05   4.1515267e-01  -1.4725870e-02
   2.8700001e-05   4.2071667e-01  -1.6681135e-02
   2.8750001e-05   4.2553148e-01  -1.9231286e-02
   2.8800001e-05   4.2962191e-01  -2.2359625e-02
   2.8850001e-05   4.3301663e-01  -2.6063139e-02
   2.8900001e-05   4.3574870e-01  -3.0344140e-02
   2.8950001e-05   4.3785581e-01  -3.5194278e-02
   2.9000001e-05   4.3937984e-01  -4.0581532e-02
   2.9050001e-05   4.4036618e-01  -4.6449929e-02
   2.9100001e-05   4.4086280e-01  -5.2734561e-02
   2.9150001e-05   4.4091922e-01  -5.9384942e-02
   2.9200001e-05   4.4058585e-01  -6.6383600e-02
   2.9250001e-05   4.3991369e-01  -7.3748268e-02
   2.9300001e-05   4.3895394e-01  -8.1514373e-02
   2.9350001e-05   4.3775818e-01  -8.9705780e-02
   2.9400001e-05   4.3637809e-01  -9.8308720e-02
   2.9450001e-05   4.3486565e-01  -1.0726264e-01
   2.9500001e-05   4.3327293e-01  -1.1647297e-01
   2.9550001e-05   4.3165204e-01  -1.2583862e-01
   2.9600001e-05   4.3005487e-01  -1.3527942e-01
   2.9650001e-05   4.2853293e-01  -1.4474864e-01
   2.9700001e-05   4.2713648e-01  -1.5422571e-01
   2.9750001e-05   4.2591375e-01  -1.6369422e-01
   2.9800001e-05   4.2491010e-01  -1.7311989e-01
   2.9850001e-05   4.2416707e-01  -1.8244082e-01
   2.9900001e-05   4.2372188e-01  -1.9157486e-01
   2.9950001e-05   4.2360741e-01  -2.0043725e-01
   3.0000001e-05   4.2385241e-01  -2.0895512e-01
   3.0050001e-05   4.2448196e-01  -2.1706803e-01
   3.0100001e-05   4.2551765e-01  -2.2471248e-01
   3.0150001e-05   4.2697763e-01  -2.3180003e-01
   3.0200001e-05   4.2887637e-01  -2.3820402e-01
   3.0250001e-05   4.3122393e-01  -2.4376532e-01
   3.0300001e-05   4.3402559e-01  -2.4831729e-01
   3.0350001e-05   4.3728122e-01  -2.5171688e-01
   3.0400001e-05   4.4098502e-01  -2.5386485e-01
   3.0450001e-05   4.4512492e-01  -2.5470233e-01
   3.0500001e-05   4.4968215e-01  -2.5418496e-01
   3.0550001e-05   4.5463046e-01  -2.5224826e-01
   3.0600001e-05   4.5993575e-01  -2.4878442e-01
   3.0650001e-05   4.6555567e-01  -2.4364351e-01
   3.0700001e-05   4.7143981e-01  -2.3665915e-01
   3.0750001e-05   4.7753084e-01  -2.2768378e-01
   3.0800001e-05   4.8376530e-01  -2.1661359e-01
   3.0850001e-05   4.9007490e-01  -2.0338932e-01
   3.0900001e-05   4.9638721e-01  -1.8797424e-01
   3.0950001e-05   5.0262570e-01  -1.7032433e-01
   3.1000001e-05   5.0870937e-01  -1.5037084e-01
   3.1050001e-05   5.1455230e-01  -1.2802812e-01
   3.1100001e-05   5.2006316e-01  -1.0322351e-01
   3.1150001e-05   5.2514577e-01  -7.5932011e-02
   3.1200001e-05   5.2969962e-01  -4.6194565e-02
   3.1250001e-05   5.3362131e-01  -1.4107638e-02
   3.1300001e-05   5.3680611e-01   2.0211080e-02
   3.1350001e-05   5.3914917e-01   5.6661110e-02
   3.1400001e-05   5.4054713e-01   9.5178664e-02
   3.1450001e-05   5.4089868e-01   1.3572443e-01
   3.1500001e-05   5.4010594e-01   1.7824543e-01
   3.1550001e-05   5.3807473e-01   2.2263232e-01
   3.1600001e-05   5.3471559e-01   2.6869652e-01
   3.1650001e-05   5.2994388e-01   3.1618044e-01
   3.1700001e-05   5.2367985e-01   3.6479443e-01
   3.1750001e-05   5.1584929e-01   4.1425869e-01
   3.1800001e-05   5.0638390e-01   4.6432543e-01
   3.1850001e-05   4.9522257e-01   5.1476902e-01
   3.1900001e-05   4.8231295e-01   5.6535167e-01
   3.1950001e-05   4.6761367e-01   6.1578768e-01
   3.2000001e-05   4.5109588e-01   6.6573060e-01
   3.2050001e-05   4.3274456e-01   7.1479380e-01
   3.2100001e-05   4.1255882e-01   7.6259404e-01
   3.2150001e-05   3.9055127e-01   8.0879331e-01
   3.2200001e-05   3.6674738e-01   8.5311311e-01
   3.2250001e-05   3.4118503e-01   8.9531308e-01
   3.2300001e-05   3.1391454e-01   9.3514615e-01
   3.2350001e-05   2.8499943e-01   9.7231781e-01
   3.2400001e-05   2.5451720e-01   1.0064772e+00
   3.2450001e-05   2.2255979e-01   1.0372471e+00
   3.2500001e-05   1.8923342e-01   1.0642784e+00
   3.2550001e-05   1.5465751e-01   1.0872998e+00
   3.2600001e-05   1.1896321e-01   1.1061338e+00
   3.2650001e-05   8.2292013e-02   1.1206717e+00
   3.2700001e-05   4.4794634e-02   1.1308247e+00
   3.2750001e-05   6.6304267e-03   1.1364801e+00
   3.2800001e-05  -3.2033078e-02   1.1374931e+00
   3.2850001e-05  -7.1020856e-02   1.1337184e+00
   3.2900001e-05  -1.1015160e-01   1.1250639e+00
   3.2950001e-05  -1.4923942e-01   1.1115346e+00
   3.3000001e-05  -1.8809594e-01   1.0932370e+00
   3.3050001e-05  -2.2653210e-01   1.0703428e+00
   3.3100001e-05  -2.6435983e-01   1.0430299e+00
   3.3150001e-05  -3.0139309e-01   1.0114397e+00
   3.3200001e-05  -3.3744919e-01   9.7567379e-01
   3.3250001e-05  -3.7235004e-01   9.3583757e-01
   3.3300001e-05  -4.0592372e-01   8.9210194e-01
   3.3350001e-05  -4.3800661e-01   8.4474760e-01
   3.3400001e-05  -4.6844488e-01   7.9416347e-01
   3.3450001e-05  -4.9709600e-01   7.4079716e-01
   3.3500001e-05  -5.2382928e-01   6.8508476e-01
   3.3550001e-05  -5.4852629e-01   6.2740010e-01
   3.3600001e-05  -5.7108128e-01   5.6805152e-01
   3.3650001e-05  -5.9140193e-01   5.0732630e-01
   3.3700001e-05  -6.0941029e-01   4.4555432e-01
   3.3750001e-05  -6.2504423e-01   3.8314947e-01
   3.3800001e-05  -6.3825792e-01   3.2060155e-01
   3.3850001e-05  -6.4902204e-01   2.5842062e-01
   3.3900001e-05  -6.5732294e-01   1.9706577e-01
   3.3950001e-05  -6.6316128e-01   1.3690042e-01
   3.4000001e-05  -6.6655141e-01   7.8200839e-02
   3.4050001e-05  -6.6752070e-01   2.1212829e-02
   3.4100001e-05  -6.6610986e-01  -3.3778593e-02
   3.4150001e-05  -6.6237366e-01  -8.6410642e-02
   3.4200001e-05  -6.5638036e-01  -1.3626169e-01
   3.4250001e-05  -6.4821124e-01  -1.8291971e-01
   3.4300001e-05  -6.3795841e-01  -2.2606191e-01
   3.4350001e-05  -6.2572247e-01  -2.6549920e-01
   3.4400001e-05  -6.1161065e-01  -3.0115944e-01
   3.4450001e-05  -5.9573549e-01  -3.3301914e-01
   3.4500001e-05  -5.7821435e-01  -3.6102471e-01
   3.4550001e-05  -5.5916959e-01  -3.8505045e-01
   3.4600001e-05  -5.3872794e-01  -4.0491840e-01
   3.4650001e-05  -5.1701933e-01  -4.2046812e-01
   3.4700001e-05  -4.9417478e-01  -4.3163285e-01
   3.4750001e-05  -4.7032392e-01  -4.3847534e-01
   3.4800001e-05  -4.4559297e-01  -4.4115975e-01
   3.4850001e-05  -4.2010358e-01  -4.3987617e-01
   3.4900001e-05  -3.9397264e-01  -4.3476331e-01
   3.4950001e-05  -3.6731246e-01  -4.2587781e-01
   3.5000001e-05  -3.4023044e-01  -4.1322994e-01
   3.5050001e-05  -3.1282797e-01  -3.9686570e-01
   3.5100001e-05  -2.8519869e-01  -3.7694418e-01
   3.5150001e-05  -2.5742668e-01  -3.5376179e-01
   3.5200001e-05  -2.2958557e-01  -3.2770401e-01
   3.5250001e-05  -2.0173886e-01  -2.9914990e-01
   3.5300001e-05  -1.7394154e-01  -2.6838431e-01
   3.5350001e-05  -1.4624201e-01  -2.3556869e-01
   3.5400001e-05  -1.1868360e-01  -2.0078869e-01
   3.5450001e-05  -9.1304861e-02  -1.6415037e-01
   3.5500001e-05  -6.4138845e-02  -1.2586728e-01
   3.5550001e-05  -3.7211958e-02  -8.6285912e-02
   3.5600001e-05  -1.0543408e-02  -4.5832805e-02
   3.5650001e-05   1.5854347e-02  -4.9141245e-03
   3.5700001e-05   4.1974019e-02   3.6172759e-02
   3.5750001e-05   6.7811444e-02   7.7262931e-02
   3.5800001e-05   9.3363777e-02   1.1826899e-01
   3.5850001e-05   1.1862835e-01   1.5908146e-01
   3.5900001e-05   1.4360207e-01   1.9948621e-01
   3.5950001e-05   1.6828087e-01   2.3915078e-01
   3.6000001e-05   1.9265854e-01   2.7768993e-01
   3.6050001e-05   2.1672508e-01   3.1477210e-01
   3.6100001e-05   2.4046460e-01   3.5020190e-01
   3.6150001e-05   2.6385409e-01   3.8392821e-01
   3.6200001e-05   2.8686339e-01   4.1596994e-01
   3.6250001e-05   3.0945608e-01   4.4630384e-01
   3.6300001e-05   3.3159122e-01   4.7478092e-01
   3.6350001e-05   3.5322422e-01   5.0112331e-01
   3.6400001e-05   3.7430611e-01   5.2500480e-01
   3.6450001e-05   3.9478147e-01   5.4616749e-01
   3.6500001e-05   4.1458574e-01   5.6450444e-01
   3.6550001e-05   4.3364304e-01   5.8005750e-01
   3.6600001e-05   4.5186609e-01   5.9293115e-01
   3.6650001e-05   4.6915808e-01   6.0317272e-01
   3.6700001e-05   4.8541585e-01   6.1069274e-01
   3.6750001e-05   5.0053293e-01   6.1527425e-01
   3.6800001e-05   5.1440144e-01   6.1666650e-01
   3.6850001e-05   5.2691239e-01   6.1470747e-01
   3.6900001e-05   5.3795493e-01   6.0940021e-01
   3.6950001e-05   5.4741597e-01   6.0089487e-01
   3.7000001e-05   5.5518168e-01   5.8938491e-01
   3.7050001e-05   5.6114000e-01   5.7497919e-01
   3.7100001e-05   5.6518459e-01   5.5762661e-01
   3.7150001e-05   5.6721812e-01   5.3714031e-01
   3.7200001e-05   5.6715423e-01   5.1330888e-01
   3.7250001e-05   5.6491745e-01   4.8602888e-01
   3.7300001e-05   5.6044269e-01   4.5537919e-01
   3.7350001e-05   5.5367535e-01   4.2159238e-01
   3.7400001e-05   5.4457325e-01   3.8493881e-01
   3.7450001e-05   5.3311020e-01   3.4559315e-01
   3.7500001e-05   5.1928061e-01   3.0356410e-01
   3.7550001e-05   5.0310385e-01   2.5872964e-01
   3.7600001e-05   4.8462605e-01   2.1095732e-01
   3.7650001e-05   4.6392003e-01   1.6023648e-01
   3.7700001e-05   4.4108385e-01   1.0674114e-01
   3.7750001e-05   4.1623914e-01   5.0784241e-02
   3.7800001e-05   3.8953075e-01  -7.3106154e-03
   3.7850001e-05   3.6112753e-01  -6.7342445e-02
   3.7900001e-05   3.3122382e-01  -1.2928942e-01
   3.7950001e-05   3.0004042e-01  -1.9325253e-01
   3.8000001e-05   2.6782390e-01  -2.5931862e-01
   3.8050001e-05   2.3484470e-01  -3.2742479e-01
   3.8100001e-05   2.0139462e-01  -3.9730734e-01
   3.8150001e-05   1.6778517e-01  -4.6856794e-01
   3.8200001e-05   1.3434687e-01  -5.4081970e-01
   3.8250001e-05   1.0142954e-01  -6.1382645e-01
   3.8300001e-05   6.9401741e-02  -6.8755144e-01
   3.8350001e-05   3.8648449e-02  -7.6208591e-01
   3.8400001e-05   9.5660118e-03  -8.3749980e-01
   3.8450001e-05  -1.7444754e-02  -9.1370434e-01
   3.8500001e-05  -4.1985635e-02  -9.9041128e-01
   3.8550001e-05  -6.3666478e-02  -1.0672135e+00
   3.8600001e-05  -8.2108095e-02  -1.1437399e+00
   3.8650001e-05  -9.6943133e-02  -1.2197914e+00
   3.8700001e-05  -1.0781660e-01  -1.2953738e+00
   3.8750001e-05  -1.1438789e-01  -1.3706070e+00
   3.8800001e-05  -1.1633536e-01  -1.4455643e+00
   3.8850001e-05  -1.1336301e-01  -1.5201370e+00
   3.8900001e-05  -1.0520781e-01  -1.5940088e+00
   3.8950001e-05  -9.1645755e-02  -1.6667553e+00
   3.9000001e-05  -7.2495870e-02  -1.7380117e+00
   3.9050001e-05  -4.7622338e-02  -1.8076059e+00
   3.9100001e-05  -1.6936339e-02  -1.8755777e+00
   3.9150001e-05   1.9601161e-02  -1.9420706e+00
   3.9200001e-05   6.1974961e-02  -2.0071597e+00
   3.9250001e-05   1.1011044e-01  -2.0707185e+00
   3.9300001e-05   1.6386932e-01  -2.1324046e+00
   3.9350001e-05   2.2304796e-01  -2.1917703e+00
   3.9400001e-05   2.8737867e-01  -2.2484329e+00
   3.9450001e-05   3.5653305e-01  -2.3021960e+00
   3.9500001e-05   4.3012509e-01  -2.3530500e+00
   3.9550001e-05   5.0771254e-01  -2.4010477e+00
   3.9600001e-05   5.8879602e-01  -2.4461308e+00
   3.9650001e-05   6.7281651e-01  -2.4880135e+00
   3.9700001e-05   7.5915444e-01  -2.5261958e+00
   3.9750001e-05   8.4713119e-01  -2.5601001e+00
   3.9800001e-05   9.3601477e-01  -2.5892503e+00
   3.9850001e-05   1.0250281e+00  -2.6133862e+00
   3.9900001e-05   1.1133578e+00  -2.6324372e+00
   3.9950001e-05   1.2001613e+00  -2.6463752e+00
   4.0000001e-05   1.2845725e+00  -2.6550262e+00
   4.0050001e-05   1.3657051e+00  -2.6579618e+00
   4.0100001e-05   1.4426571e+00  -2.6545303e+00
   4.0150001e-05   1.5145177e+00  -2.6440177e+00
   4.0200001e-05   1.5803769e+00  -2.6258419e+00
   4.0250001e-05   1.6393368e+00  -2.5996678e+00
   4.0300001e-05   1.6905224e+00  -2.5653782e+00
   4.0350001e-05   1.7330909e+00  -2.5229182e+00
   4.0400001e-05   1.7662364e+00  -2.4721146e+00
   4.0450001e-05   1.7891963e+00  -2.4125772e+00
   4.0500001e-05   1.8012546e+00  -2.3437474e+00
   4.0550001e-05   1.8017509e+00  -2.2650673e+00
   4.0600001e-05   1.7900885e+00  -2.1761658e+00
   4.0650001e-05   1.7657464e+00  -2.0769539e+00
   4.0700001e-05   1.7282883e+00  -1.9675726e+00
   4.0750001e-05   1.6773689e+00  -1.8482265e+00
   4.0800001e-05   1.6127379e+00  -1.7190092e+00
   4.0850001e-05   1.5342405e+00  -1.5798298e+00
   4.0900001e-05   1.4418185e+00  -1.4304913e+00
   4.0950001e-05   1.3355136e+00  -1.2708769e+00
   4.1000001e-05   1.2154706e+00  -1.1011350e+00
   4.1050001e-05   1.0819412e+00  -9.2175359e-01
   4.1100001e-05   9.3528622e-01  -7.3347640e-01
   4.1150001e-05   7.7597290e-01  -5.3711331e-01
   4.1200001e-05   6.0457116e-01  -3.3335704e-01
   4.1250001e-05   4.2174691e-01  -1.2271764e-01
   4.1300001e-05   2.2825779e-01   9.4385639e-02
   4.1350001e-05   2.4950093e-02   3.1743094e-01
   4.1400001e-05  -1.8724270e-01   5.4561603e-01
   4.1450001e-05  -4.0730220e-01   7.7780557e-01
   4.1500001e-05  -6.3413095e-01   1.0126376e+00
   4.1550001e-05  -8.6656260e-01   1.2487279e+00
   4.1600001e-05  -1.1033763e+00   1.4848520e+00
   4.1650001e-05  -1.3433112e+00   1.7199973e+00
   4.1700001e-05  -1.5850797e+00   1.9532590e+00
   4.1750001e-05  -1.8273766e+00   2.1836452e+00
   4.1800001e-05  -2.0688851e+00   2.4099154e+00
   4.1850001e-05  -2.3082817e+00   2.6305554e+00
   4.1900001e-05  -2.5442443e+00   2.8439107e+00
   4.1950001e-05  -2.7754636e+00   3.0484056e+00
   4.2000001e-05  -3.0006580e+00   3.2427194e+00
   4.2050001e-05  -3.2185900e+00   3.4258225e+00
   4.2100001e-05  -3.4280798e+00   3.5968523e+00
   4.2150001e-05  -3.6280165e+00   3.7549138e+00
   4.2200001e-05  -3.8173623e+00   3.8989277e+00
   4.2250001e-05  -3.9951591e+00   4.0276217e+00
   4.2300001e-05  -4.1605320e+00   4.1396823e+00
   4.2350001e-05  -4.3126974e+00   4.2339683e+00
   4.2400001e-05  -4.4509716e+00   4.3096766e+00
   4.2450001e-05  -4.5747814e+00   4.3663478e+00
   4.2500001e-05  -4.6836700e+00   4.4037271e+00
   4.2550001e-05  -4.7772994e+00   4.4215603e+00
   4.2600001e-05  -4.8554492e+00   4.4194565e+00
   4.2650001e-05  -4.9180136e+00   4.3969021e+00
   4.2700001e-05  -4.9649978e+00   4.3534236e+00
   4.2750001e-05  -4.9965200e+00   4.2888002e+00
   4.2800001e-05  -5.0128093e+00   4.2031960e+00
   4.2850001e-05  -5.0142050e+00   4.0971341e+00
   4.2900001e-05  -5.0011539e+00   3.9713252e+00
   4.2950001e-05  -4.9742031e+00   3.8264511e+00
   4.3000001e-05  -4.9339881e+00   3.6630347e+00
   4.3050001e-05  -4.8812227e+00   3.4814737e+00
   4.3100001e-05  -4.8166876e+00   3.2822175e+00
   4.3150001e-05  -4.7412243e+00   3.0659773e+00
   4.3200001e-05  -4.6557260e+00   2.8338439e+00
   4.3250001e-05  -4.5611310e+00   2.5872366e+00
   4.3300001e-05  -4.4584084e+00   2.3277116e+00
   4.3350001e-05  -4.3485470e+00   2.0567412e+00
   4.3400001e-05  -4.2325349e+00   1.7755915e+00
   4.3450001e-05  -4.1113477e+00   1.4853673e+00
   4.3500001e-05  -3.9859350e+00   1.1871911e+00
   4.3550001e-05  -3.8572130e+00   8.8240314e-01
   4.3600001e-05  -3.7260585e+00   5.7265556e-01
   4.3650001e-05  -3.5933018e+00   2.5984162e-01
   4.3700001e-05  -3.4597173e+00  -5.4103084e-02
   4.3750001e-05  -3.3260102e+00  -3.6741000e-01
   4.3800001e-05  -3.1928029e+00  -6.7857593e-01
   4.3850001e-05  -3.0606239e+00  -9.8629570e-01
   4.3900001e-05  -2.9299009e+00  -1.2892758e+00
   4.3950001e-05  -2.8009584e+00  -1.5860478e+00
   4.4000001e-05  -2.6740208e+00  -1.8748997e+00
   4.4050001e-05  -2.5492148e+00  -2.1539731e+00
   4.4100001e-05  -2.4265687e+00  -2.4214714e+00
   4.4150001e-05  -2.3060124e+00  -2.6758571e+00
   4.4200001e-05  -2.1873736e+00  -2.9159245e+00
   4.4250001e-05  -2.0703783e+00  -3.1407061e+00
   4.4300001e-05  -1.9546548e+00  -3.3492754e+00
   4.4350001e-05  -1.8397425e+00  -3.5405669e+00
   4.4400001e-05  -1.7251039e+00  -3.7133307e+00
   4.4450001e-05  -1.6101369e+00  -3.8662484e+00
   4.4500001e-05  -1.4941850e+00  -3.9981465e+00
   4.4550001e-05  -1.3765460e+00  -4.1081829e+00
   4.4600001e-05  -1.2564796e+00  -4.1958923e+00
   4.4650001e-05  -1.1332166e+00  -4.2610722e+00
   4.4700001e-05  -1.0059726e+00  -4.3035760e+00
   4.4750001e-05  -8.7396461e-01  -4.3231421e+00
   4.4800001e-05  -7.3642838e-01  -4.3193665e+00
   4.4850001e-05  -5.9263569e-01  -4.2918348e+00
   4.4900001e-05  -4.4190720e-01  -4.2403331e+00
   4.4950001e-05  -2.8362244e-01  -4.1650186e+00
   4.5000001e-05  -1.1722809e-01  -4.0664401e+00
   4.5050001e-05   5.7752948e-02  -3.9454052e+00
   4.5100001e-05   2.4171022e-01  -3.8027675e+00
   4.5150001e-05   4.3493241e-01  -3.6392651e+00
   4.5200001e-05   6.3759410e-01  -3.4555066e+00
   4.5250001e-05   8.4974557e-01  -3.2521071e+00
   4.5300001e-05   1.0713063e+00  -3.0298932e+00
   4.5350001e-05   1.3020635e+00  -2.7900445e+00
   4.5400001e-05   1.5416723e+00  -2.5340917e+00
   4.5450001e-05   1.7896562e+00  -2.2637632e+00
   4.5500001e-05   2.0454063e+00  -1.9807760e+00
   4.5550001e-05   2.3081801e+00  -1.6866896e+00
   4.5600001e-05   2.5771012e+00  -1.3829100e+00
   4.5650001e-05   2.8511624e+00  -1.0708312e+00
   4.5700001e-05   3.1292350e+00  -7.5202322e-01
   4.5750001e-05   3.4100790e+00  -4.2834675e-01
   4.5800001e-05   3.6923578e+00  -1.0191516e-01
   4.5850001e-05   3.9746497e+00   2.2507747e-01
   4.5900001e-05   4.2554588e+00   5.5056655e-01
   4.5950001e-05   4.5332232e+00   8.7274516e-01
   4.6000001e-05   4.8063259e+00   1.1900399e+00
   4.6050001e-05   5.0731072e+00   1.5009564e+00
   4.6100001e-05   5.3318844e+00   1.8038956e+00
   4.6150001e-05   5.5809689e+00   2.0970576e+00
   4.6200001e-05   5.8186893e+00   2.3784983e+00
   4.6250001e-05   6.0434117e+00   2.6463110e+00
   4.6300001e-05   6.2535520e+00   2.8988323e+00
   4.6350001e-05   6.4475894e+00   3.1347525e+00
   4.6400001e-05   6.6240788e+00   3.3530772e+00
   4.6450001e-05   6.7816625e+00   3.5529656e+00
   4.6500001e-05   6.9190845e+00   3.7335553e+00
   4.6550001e-05   7.0352082e+00   3.8938773e+00
   4.6600001e-05   7.1290288e+00   4.0329194e+00
   4.6650001e-05   7.1996875e+00   4.1498008e+00
   4.6700001e-05   7.2464752e+00   4.2439494e+00
   4.6750001e-05   7.2688398e+00   4.3151851e+00
   4.6800001e-05   7.2663865e+00   4.3636513e+00
   4.6850001e-05   7.2388816e+00   4.3896470e+00
   4.6900001e-05   7.1862569e+00   4.3934574e+00
   4.6950001e-05   7.1086159e+00   4.3752866e+00
   4.7000001e-05   7.0062346e+00   4.3353295e+00
   4.7050001e-05   6.8795600e+00   4.2739406e+00
   4.7100001e-05   6.7292047e+00   4.1917882e+00
   4.7150001e-05   6.5559359e+00   4.0899038e+00
   4.7200001e-05   6.3606620e+00   3.9695916e+00
   4.7250001e-05   6.1444240e+00   3.8322473e+00
   4.7300001e-05   5.9083829e+00   3.6791916e+00
   4.7350001e-05   5.6538153e+00   3.5116131e+00
   4.7400001e-05   5.3821011e+00   3.3306448e+00
   4.7450001e-05   5.0947161e+00   3.1375220e+00
   4.7500001e-05   4.7932172e+00   2.9337153e+00
   4.7550001e-05   4.4792271e+00   2.7209585e+00
   4.7600001e-05   4.1544166e+00   2.5011408e+00
   4.7650001e-05   3.8204899e+00   2.2761290e+00
   4.7700001e-05   3.4791710e+00   2.0476174e+00
   4.7750001e-05   3.1321888e+00   1.8170897e+00
   4.7800001e-05   2.7812636e+00   1.5859057e+00
   4.7850001e-05   2.4280941e+00   1.3554549e+00
   4.7900001e-05   2.0743423e+00   1.1272764e+00
   4.7950001e-05   1.7216185e+00   9.0306479e-01
   4.8000001e-05   1.3714707e+00   6.8455547e-01
   4.8050001e-05   1.0253751e+00   4.7334969e-01
   4.8100001e-05   6.8473035e-01   2.7077949e-01
   4.8150001e-05   3.5085282e-01   7.7885687e-02
   4.8200001e-05   2.4971496e-02  -1.0448422e-01
   4.8250001e-05  -2.9177883e-01  -2.7552250e-01
   4.8300001e-05  -5.9836495e-01  -4.3434677e-01
   4.8350001e-05  -8.9386237e-01  -5.7999390e-01
   4.8400001e-05  -1.1774600e+00  -7.1152592e-01
   4.8450001e-05  -1.4484608e+00  -8.2818276e-01
   4.8500001e-05  -1.7062799e+00  -9.2949295e-01
   4.8550001e-05  -1.9504389e+00  -1.0152783e+00
   4.8600001e-05  -2.1805620e+00  -1.0855540e+00
   4.8650001e-05  -2.3963714e+00  -1.1403875e+00
   4.8700001e-05  -2.5976844e+00  -1.1798030e+00
   4.8750001e-05  -2.7844102e+00  -1.2037870e+00
   4.8800001e-05  -2.9565473e+00  -1.2123878e+00
   4.8850001e-05  -3.1141741e+00  -1.2058456e+00
   4.8900001e-05  -3.2574441e+00  -1.1846697e+00
   4.8950001e-05  -3.3865733e+00  -1.1496143e+00
   4.9000001e-05  -3.5018346e+00  -1.1015627e+00
   4.9050001e-05  -3.6035490e+00  -1.0413882e+00
   4.9100001e-05  -3.6920803e+00  -9.6987003e-01
   4.9150001e-05  -3.7678311e+00  -8.8771147e-01
   4.9200001e-05  -3.8312352e+00  -7.9564393e-01
   4.9250001e-05  -3.8827515e+00  -6.9455141e-01
   4.9300001e-05  -3.9228547e+00  -5.8553672e-01
   4.9350001e-05  -3.9520268e+00  -4.6988732e-01
   4.9400001e-05  -3.9707496e+00  -3.4895700e-01
   4.9450001e-05  -3.9795005e+00  -2.2402945e-01
   4.9500001e-05  -3.9787478e+00  -9.6237905e-02
   4.9550001e-05  -3.9689498e+00   3.3418931e-02
   4.9600001e-05  -3.9505517e+00   1.6398212e-01
   4.9650001e-05  -3.9239845e+00   2.9442173e-01
   4.9700001e-05  -3.8896606e+00   4.2358047e-01
   4.9750001e-05  -3.8479714e+00   5.5020744e-01
   4.9800001e-05  -3.7992876e+00   6.7306429e-01
   4.9850001e-05  -3.7439580e+00   7.9104304e-01
   4.9900001e-05  -3.6823120e+00   9.0322983e-01
   4.9950001e-05  -3.6146607e+00   1.0088823e+00
   5.0000001e-05  -3.5412979e+00   1.1073407e+00
   5.0050001e-05  -3.4625013e+00   1.1979285e+00
   5.0100001e-05  -3.3785315e+00   1.2799063e+00
   5.0150001e-05  -3.2896342e+00   1.3525047e+00
   5.0200001e-05  -3.1960406e+00   1.4150195e+00
   5.0250001e-05  -3.0979726e+00   1.4669116e+00
   5.0300001e-05  -2.9956474e+00   1.5078560e+00
   5.0350001e-05  -2.8892810e+00   1.5377140e+00
   5.0400001e-05  -2.7790926e+00   1.5564485e+00
   5.0450001e-05  -2.6653056e+00   1.5640340e+00
   5.0500001e-05  -2.5481491e+00   1.5604156e+00
   5.0550001e-05  -2.4278569e+00   1.5455358e+00
   5.0600001e-05  -2.3046691e+00   1.5194132e+00
   5.0650001e-05  -2.1788344e+00   1.4822203e+00
   5.0700001e-05  -2.0506115e+00   1.4343146e+00
   5.0750001e-05  -1.9202725e+00   1.3762025e+00
   5.0800001e-05  -1.7881045e+00   1.3084574e+00
   5.0850001e-05  -1.6544100e+00   1.2316402e+00
   5.0900001e-05  -1.5195053e+00   1.1462649e+00
   5.0950001e-05  -1.3837203e+00   1.0528281e+00
   5.1000001e-05  -1.2473965e+00   9.5188075e-01
   5.1050001e-05  -1.1108859e+00   8.4409708e-01
   5.1100001e-05  -9.7455037e-01   7.3029572e-01
   5.1150001e-05  -8.3876133e-01   6.1139989e-01
   5.1200001e-05  -7.0389754e-01   4.8835403e-01
   5.1250001e-05  -5.7034379e-01   3.6204198e-01
   5.1300001e-05  -4.3848801e-01   2.3324811e-01
   5.1350001e-05  -3.0871844e-01   1.0267827e-01
   5.1400001e-05  -1.8142091e-01  -2.8976846e-02
   5.1450001e-05  -5.6975834e-02  -1.6097544e-01
   5.1500001e-05   6.4244270e-02  -2.9249555e-01
   5.1550001e-05   1.8187764e-01  -4.2266014e-01
   5.1600001e-05   2.9557601e-01  -5.5060250e-01
   5.1650001e-05   4.0500748e-01  -6.7553604e-01
   5.1700001e-05   5.0985885e-01  -7.9679275e-01
   5.1750001e-05   6.0983795e-01  -9.1381258e-01
   5.1800001e-05   7.0467514e-01  -1.0260955e+00
   5.1850001e-05   7.9412496e-01  -1.1331482e+00
   5.1900001e-05   8.7796760e-01  -1.2344576e+00
   5.1950001e-05   9.5601082e-01  -1.3295071e+00
   5.2000001e-05   1.0280921e+00  -1.4178259e+00
   5.2050001e-05   1.0940806e+00  -1.4990424e+00
   5.2100001e-05   1.1538783e+00  -1.5729113e+00
   5.2150001e-05   1.2074211e+00  -1.6392983e+00
   5.2200001e-05   1.2546780e+00  -1.6981345e+00
   5.2250001e-05   1.2956505e+00  -1.7493626e+00
   5.2300001e-05   1.3303710e+00  -1.7929095e+00
   5.2350001e-05   1.3589023e+00  -1.8286970e+00
   5.2400001e-05   1.3813361e+00  -1.8566855e+00
   5.2450001e-05   1.3977923e+00  -1.8769236e+00
   5.2500001e-05   1.4084193e+00  -1.8895755e+00
   5.2550001e-05   1.4133911e+00  -1.8949091e+00
   5.2600001e-05   1.4129074e+00  -1.8932508e+00
   5.2650001e-05   1.4071906e+00  -1.8849299e+00
   5.2700001e-05   1.3964839e+00  -1.8702424e+00
   5.2750001e-05   1.3810489e+00  -1.8494531e+00
   5.2800001e-05   1.3611639e+00  -1.8228306e+00
   5.2850001e-05   1.3371208e+00  -1.7906947e+00
   5.2900001e-05   1.3092238e+00  -1.7534473e+00
   5.2950001e-05   1.2777864e+00  -1.7115654e+00
   5.3000001e-05   1.2431285e+00  -1.6655598e+00
   5.3050001e-05   1.2055743e+00  -1.6159182e+00
   5.3100001e-05   1.1654489e+00  -1.5630648e+00
   5.3150001e-05   1.1230764e+00  -1.5073569e+00
   5.3200001e-05   1.0787772e+00  -1.4491180e+00
   5.3250001e-05   1.0328666e+00  -1.3886917e+00
   5.3300001e-05   9.8565298e-01  -1.3264797e+00
   5.3350001e-05   9.3743622e-01  -1.2629455e+00
   5.3400001e-05   8.8850695e-01  -1.1985773e+00
   5.3450001e-05   8.3914495e-01  -1.1338285e+00
   5.3500001e-05   7.8961855e-01  -1.0690699e+00
   5.3550001e-05   7.4018341e-01  -1.0045767e+00
   5.3600001e-05   6.9108105e-01  -9.4055790e-01
   5.3650001e-05   6.4253718e-01  -8.7721103e-01
   5.3700001e-05   5.9476024e-01  -8.1476891e-01
   5.3750001e-05   5.4793960e-01  -7.5351310e-01
   5.3800001e-05   5.0224471e-01  -6.9374549e-01
   5.3850001e-05   4.5782539e-01  -6.3573498e-01
   5.3900001e-05   4.1481256e-01  -5.7967079e-01
   5.3950001e-05   3.7332013e-01  -5.2565080e-01
   5.4000001e-05   3.3344692e-01  -4.7371194e-01
   5.4050001e-05   2.9527774e-01  -4.2388538e-01
   5.4100001e-05   2.5888401e-01  -3.7624356e-01
   5.4150001e-05   2.2432294e-01  -3.3091044e-01
   5.4200001e-05   1.9163647e-01  -2.8802714e-01
   5.4250001e-05   1.6085015e-01  -2.4769311e-01
   5.4300001e-05   1.3197298e-01  -2.0991769e-01
   5.4350001e-05   1.0499842e-01  -1.7461343e-01
   5.4400001e-05   7.9906486e-02  -1.4163762e-01
   5.4450001e-05   5.6666669e-02  -1.1086140e-01
   5.4500001e-05   3.5240475e-02  -8.2226962e-02
   5.4550001e-05   1.5583420e-02  -5.5759810e-02
   5.4600001e-05  -2.3541749e-03  -3.1527560e-02
   5.4650001e-05  -1.8627221e-02  -9.5682042e-03
   5.4700001e-05  -3.3296347e-02   1.0170793e-02
   5.4750001e-05  -4.6428170e-02   2.7846325e-02
   5.4800001e-05  -5.8094952e-02   4.3676965e-02
   5.4850001e-05  -6.8373449e-02   5.7867192e-02
   5.4900001e-05  -7.7343315e-02   7.0541672e-02
   5.4950001e-05  -8.5085437e-02   8.1727542e-02
   5.5000001e-05  -9.1680616e-02   9.1394655e-02
   5.5050001e-05  -9.7208895e-02   9.9529922e-02
   5.5100001e-05  -1.0174931e-01   1.0620121e-01
   5.5150001e-05  -1.0537988e-01   1.1157249e-01
   5.5200001e-05  -1.0817742e-01   1.1586055e-01
   5.5250001e-05  -1.1021707e-01   1.1925856e-01
   5.5300001e-05  -1.1157165e-01   1.2187198e-01
   5.5350001e-05  -1.1231080e-01   1.2370536e-01
   5.5400001e-05  -1.1250050e-01   1.2470842e-01
   5.5450001e-05  -1.1220276e-01   1.2485398e-01
   5.5500001e-05  -1.1147573e-01   1.2420090e-01
   5.5550001e-05  -1.1037391e-01   1.2290376e-01
   5.5600001e-05  -1.0894837e-01   1.2116247e-01
   5.5650001e-05  -1.0724685e-01   1.1914170e-01
   5.5700001e-05  -1.0531368e-01   1.1690848e-01
   5.5750001e-05  -1.0318974e-01   1.1442630e-01
   5.5800001e-05  -1.0091227e-01   1.1160982e-01
   5.5850001e-05  -9.8514855e-02   1.0840810e-01
   5.5900001e-05  -9.6027315e-02   1.0486577e-01
   5.5950001e-05  -9.3475685e-02   1.0112475e-01
   5.6000001e-05  -9.0882160e-02   9.7364232e-02
   5.6050001e-05  -8.8265225e-02   9.3714483e-02
   5.6100001e-05  -8.5640006e-02   9.0196572e-02
   5.6150001e-05  -8.3019011e-02   8.6725324e-02
   5.6200001e-05  -8.0412954e-02   8.3175309e-02
   5.6250001e-05  -7.7831626e-02   7.9471260e-02
   5.6300001e-05  -7.5284302e-02   7.5648881e-02
   5.6350001e-05  -7.2779700e-02   7.1848921e-02
   5.6400001e-05  -7.0325434e-02   6.8246827e-02
   5.6450001e-05  -6.7927383e-02   6.4959094e-02
   5.6500001e-05  -6.5589339e-02   6.1981976e-02
   5.6550001e-05  -6.3313119e-02   5.9199277e-02
   5.6600001e-05  -6.1099272e-02   5.6455299e-02
   5.6650001e-05  -5.8947895e-02   5.3649772e-02
   5.6700001e-05  -5.6859255e-02   5.0798617e-02
   5.6750001e-05  -5.4833926e-02   4.8024528e-02
   5.6800001e-05  -5.2872360e-02   4.5483477e-02
   5.6850001e-05  -5.0974287e-02   4.3271523e-02
   5.6900001e-05  -4.9138367e-02   4.1367959e-02
   5.6950001e-05  -4.7362395e-02   3.9648786e-02
   5.7000001e-05  -4.5644019e-02   3.7961900e-02
   5.7050001e-05  -4.3981664e-02   3.6218122e-02
   5.7100001e-05  -4.2375095e-02   3.4442734e-02
   5.7150001e-05  -4.0825311e-02   3.2756247e-02
   5.7200001e-05  -3.9333779e-02   3.1296231e-02
   5.7250001e-05  -3.7901435e-02   3.0127943e-02
   5.7300001e-05  -3.6527958e-02   2.9198380e-02
   5.7350001e-05  -3.5211761e-02   2.8362092e-02
   5.7400001e-05  -3.3950649e-02   2.7463423e-02
   5.7450001e-05  -3.2742769e-02   2.6425464e-02
   5.7500001e-05  -3.1587295e-02   2.5291683e-02
   5.7550001e-05  -3.0484475e-02   2.4194865e-02
   5.7600001e-05  -2.9434968e-02   2.3272030e-02
   5.7650001e-05  -2.8438967e-02   2.2576945e-02
   5.7700001e-05  -2.7495598e-02   2.2043344e-02
   5.7750001e-05  -2.6603013e-02   2.1521285e-02
   5.7800001e-05  -2.5759108e-02   2.0864652e-02
   5.7850001e-05  -2.4962442e-02   2.0016596e-02
   5.7900001e-05  -2.4212722e-02   1.9040952e-02
   5.7950001e-05  -2.3510527e-02   1.8080371e-02
   5.8000001e-05  -2.2856330e-02   1.7266462e-02
   5.8050001e-05  -2.2249393e-02   1.6636599e-02
   5.8100001e-05  -2.1687126e-02   1.6108129e-02
   5.8150001e-05  -2.1165369e-02   1.5526128e-02
   5.8200001e-05  -2.0679409e-02   1.4756205e-02
   5.8250001e-05  -2.0225214e-02   1.3766484e-02
   5.8300001e-05  -1.9800205e-02   1.2649147e-02
   5.8350001e-05  -1.9403145e-02   1.1568283e-02
   5.8400001e-05  -1.9033276e-02   1.0665086e-02
   5.8450001e-05  -1.8689215e-02   9.9770306e-03
   5.8500001e-05  -1.8368274e-02   9.4191339e-03
   5.8550001e-05  -1.8066546e-02   8.8379718e-03
   5.8600001e-05  -1.7779682e-02   8.1055220e-03
   5.8650001e-05  -1.7503805e-02   7.1963631e-03
   5.8700001e-05  -1.7235981e-02   6.2023881e-03
   5.8750001e-05  -1.6973943e-02   5.2772309e-03
   5.8800001e-05  -1.6715294e-02   4.5449673e-03
   5.8850001e-05  -1.6456788e-02   4.0286859e-03
   5.8900001e-05  -1.6194304e-02   3.6417448e-03
   5.8950001e-05  -1.5923699e-02   3.2460357e-03
   5.9000001e-05  -1.5642166e-02   2.7408453e-03
   5.9050001e-05  -1.5349285e-02   2.1276921e-03
   5.9100001e-05  -1.5047051e-02   1.5116066e-03
   5.9150001e-05  -1.4738670e-02   1.0383026e-03
   5.9200001e-05  -1.4426647e-02   8.0570608e-04
   5.9250001e-05  -1.4111146e-02   8.0371235e-04
   5.9300001e-05  -1.3789560e-02   9.1866939e-04
   5.9350001e-05  -1.3457628e-02   9.9973253e-04
   5.9400001e-05  -1.3111644e-02   9.4688981e-04
   5.9450001e-05  -1.2750695e-02   7.6769630e-04
   5.9500001e-05  -1.2377822e-02   5.6906685e-04
   5.9550001e-05  -1.1999501e-02   4.8987853e-04
   5.9600001e-05  -1.1623701e-02   6.1562046e-04
   5.9650001e-05  -1.1257415e-02   9.2653133e-04
   5.9700001e-05  -1.0904836e-02   1.3097255e-03
   5.9750001e-05  -1.0566931e-02   1.6267687e-03
   5.9800001e-05  -1.0242447e-02   1.7948435e-03
   5.9850001e-05  -9.9296989e-03   1.8320986e-03
   5.9900001e-05  -9.6281515e-03   1.8402463e-03
   5.9950001e-05  -9.3390634e-03   1.9359464e-03
   6.0000001e-05  -9.0650590e-03   2.1735390e-03
   6.0050001e-05  -8.8090440e-03   2.5065346e-03
   6.0100001e-05  -8.5732033e-03   2.8113348e-03
   6.0150001e-05  -8.3586033e-03   2.9587245e-03
   6.0200001e-05  -8.1654917e-03   2.8898197e-03
   6.0250001e-05  -7.9939310e-03   2.6506886e-03
   6.0300001e-05  -7.8442516e-03   2.3649789e-03
   6.0350001e-05  -7.7169738e-03   2.1611245e-03
   6.0400001e-05  -7.6122540e-03   2.0976076e-03
   6.0450001e-05  -7.5292271e-03   2.1303196e-03
   6.0500001e-05  -7.4657127e-03   2.1404198e-03
   6.0550001e-05  -7.4185212e-03   2.0049959e-03
   6.0600001e-05  -7.3842444e-03   1.6680219e-03
   6.0650001e-05  -7.3601180e-03   1.1700984e-03
   6.0700001e-05  -7.3445123e-03   6.2106544e-04
   6.0750001e-05  -7.3368289e-03   1.3386254e-04
   6.0800001e-05  -7.3369057e-03  -2.3964851e-04
   6.0850001e-05  -7.3442832e-03  -5.3283357e-04
   6.0900001e-05  -7.3576919e-03  -8.3563698e-04
   6.0950001e-05  -7.3749395e-03  -1.2325103e-03
   6.1000001e-05  -7.3931115e-03  -1.7457971e-03
   6.1050001e-05  -7.4088676e-03  -2.3189685e-03
   6.1100001e-05  -7.4186455e-03  -2.8489972e-03
   6.1150001e-05  -7.4187648e-03  -3.2471258e-03
   6.1200001e-05  -7.4055796e-03  -3.4905376e-03
   6.1250001e-05  -7.3758503e-03  -3.6337322e-03
   6.1300001e-05  -7.3273466e-03  -3.7733458e-03
   6.1350001e-05  -7.2594718e-03  -3.9883005e-03
   6.1400001e-05  -7.1735522e-03  -4.2914883e-03
   6.1450001e-05  -7.0724902e-03  -4.6215109e-03
   6.1500001e-05  -6.9597587e-03  -4.8784451e-03
   6.1550001e-05  -6.8380614e-03  -4.9813711e-03
   6.1600001e-05  -6.7082369e-03  -4.9131559e-03
   6.1650001e-05  -6.5689380e-03  -4.7266516e-03
   6.1700001e-05  -6.4173066e-03  -4.5101834e-03
   6.1750001e-05  -6.2503931e-03  -4.3343883e-03
   6.1800001e-05  -6.0667172e-03  -4.2126826e-03
   6.1850001e-05  -5.8672861e-03  -4.0982994e-03
   6.1900001e-05  -5.6556840e-03  -3.9181593e-03
   6.1950001e-05  -5.4372619e-03  -3.6218474e-03
   6.2000001e-05  -5.2178660e-03  -3.2156666e-03
   6.2050001e-05  -5.0026765e-03  -2.7616501e-03
   6.2100001e-05  -4.7955485e-03  -2.3429503e-03
   6.2150001e-05  -4.5989761e-03  -2.0170175e-03
   6.2200001e-05  -4.4144625e-03  -1.7846224e-03
   6.2250001e-05  -4.2429878e-03  -1.5926333e-03
   6.2300001e-05  -4.0853061e-03  -1.3681260e-03
   6.2350001e-05  -3.9419825e-03  -1.0632334e-03
   6.2400001e-05  -3.8132842e-03  -6.8465335e-04
   6.2450001e-05  -3.6991125e-03  -2.9159320e-04
   6.2500001e-05  -3.5991417e-03   3.5333149e-05
   6.2550001e-05  -3.5131900e-03   2.3539497e-04
   6.2600001e-05  -3.4416718e-03   2.9572574e-04
   6.2650001e-05  -3.3858921e-03   2.5154464e-04
   6.2700001e-05  -3.3479643e-03   1.6083774e-04
   6.2750001e-05  -3.3302889e-03   6.9922207e-05
   6.2800001e-05  -3.3347346e-03  -9.9366771e-06
   6.2850001e-05  -3.3618000e-03  -1.0279159e-04
   6.2900001e-05  -3.4100683e-03  -2.4747793e-04
   6.2950001e-05  -3.4761680e-03  -4.7044505e-04
   6.3000001e-05  -3.5552906e-03  -7.6875580e-04
   6.3050001e-05  -3.6421500e-03  -1.1126458e-03
   6.3100001e-05  -3.7321278e-03  -1.4646562e-03
   6.3150001e-05  -3.8222612e-03  -1.8026055e-03
   6.3200001e-05  -3.9117243e-03  -2.1320686e-03
   6.3250001e-05  -4.0015564e-03  -2.4809621e-03
   6.3300001e-05  -4.0936344e-03  -2.8797393e-03
   6.3350001e-05  -4.1891788e-03  -3.3390424e-03
   6.3400001e-05  -4.2873351e-03  -3.8378167e-03
   6.3450001e-05  -4.3844120e-03  -4.3286704e-03
   6.3500001e-05  -4.4741435e-03  -4.7575645e-03
   6.3550001e-05  -4.5489441e-03  -5.0872820e-03
   6.3600001e-05  -4.6017347e-03  -5.3125396e-03
   6.3650001e-05  -4.6276688e-03  -5.4594595e-03
   6.3700001e-05  -4.6251519e-03  -5.5703665e-03
   6.3750001e-05  -4.5958264e-03  -5.6820614e-03
   6.3800001e-05  -4.5435983e-03  -5.8082985e-03
   6.3850001e-05  -4.4731190e-03  -5.9344051e-03
   6.3900001e-05  -4.3882895e-03  -6.0256347e-03
   6.3950001e-05  -4.2912685e-03  -6.0443357e-03
   6.4000001e-05  -4.1822488e-03  -5.9673418e-03
   6.4050001e-05  -4.0599527e-03  -5.7955501e-03
   6.4100001e-05  -3.9225975e-03  -5.5518104e-03
   6.4150001e-05  -3.7689689e-03  -5.2688918e-03
   6.4200001e-05  -3.5992940e-03  -4.9738344e-03
   6.4250001e-05  -3.4157005e-03  -4.6764831e-03
   6.4300001e-05  -3.2221701e-03  -4.3678191e-03
   6.4350001e-05  -3.0240086e-03  -4.0288232e-03
   6.4400001e-05  -2.8269568e-03  -3.6452762e-03
   6.4450001e-05  -2.6361737e-03  -3.2206387e-03
   6.4500001e-05  -2.4554145e-03  -2.7797893e-03
   6.4550001e-05  -2.2867057e-03  -2.3608655e-03
   6.4600001e-05  -2.1306879e-03  -1.9987898e-03
   6.4650001e-05  -1.9875157e-03  -1.7089582e-03
   6.4700001e-05  -1.8579281e-03  -1.4801928e-03
   6.4750001e-05  -1.7439426e-03  -1.2816085e-03
   6.4800001e-05  -1.6487514e-03  -1.0805301e-03
   6.4850001e-05  -1.5757582e-03  -8.6208072e-04
   6.4900001e-05  -1.5271667e-03  -6.3943450e-04
   6.4950001e-05  -1.5028480e-03  -4.4841063e-04
   6.5000001e-05  -1.5001600e-03  -3.2885029e-04
   6.5050001e-05  -1.5149536e-03  -3.0315632e-04
   6.5100001e-05  -1.5433626e-03  -3.6462161e-04
   6.5150001e-05  -1.5835011e-03  -4.8290289e-04
   6.5200001e-05  -1.6361541e-03  -6.2386430e-04
   6.5250001e-05  -1.7040252e-03  -7.7190553e-04
   6.5300001e-05  -1.7898480e-03  -9.4055891e-04
   6.5350001e-05  -1.8942803e-03  -1.1635849e-03
   6.5400001e-05  -2.0146437e-03  -1.4706857e-03
   6.5450001e-05  -2.1451535e-03  -1.8622463e-03
   6.5500001e-05  -2.2785347e-03  -2.2995742e-03
   6.5550001e-05  -2.4082321e-03  -2.7189197e-03
   6.5600001e-05  -2.5301427e-03  -3.0633691e-03
   6.5650001e-05  -2.6430741e-03  -3.3148767e-03
   6.5700001e-05  -2.7477911e-03  -3.5068120e-03
   6.5750001e-05  -2.8452275e-03  -3.7074711e-03
   6.5800001e-05  -2.9348279e-03  -3.9817365e-03
   6.5850001e-05  -3.0138707e-03  -4.3517575e-03
   6.5900001e-05  -3.0780537e-03  -4.7795689e-03
   6.5950001e-05  -3.1229390e-03  -5.1829782e-03
   6.6000001e-05  -3.1454240e-03  -5.4770499e-03
   6.6050001e-05  -3.1444696e-03  -5.6181508e-03
   6.6100001e-05  -3.1208193e-03  -5.6252214e-03
   6.6150001e-05  -3.0760563e-03  -5.5656615e-03
   6.6200001e-05  -3.0116723e-03  -5.5138427e-03
   6.6250001e-05  -2.9287010e-03  -5.5066678e-03
   6.6300001e-05  -2.8279943e-03  -5.5226912e-03
   6.6350001e-05  -2.7107634e-03  -5.4974463e-03
   6.6400001e-05  -2.5788706e-03  -5.3658029e-03
   6.6450001e-05  -2.4346029e-03  -5.1054540e-03
   6.6500001e-05  -2.2801028e-03  -4.7544423e-03
   6.6550001e-05  -2.1169188e-03  -4.3910830e-03
   6.6600001e-05  -1.9460937e-03  -4.0876786e-03
   6.6650001e-05  -1.7688436e-03  -3.8660911e-03
   6.6700001e-05  -1.5874712e-03  -3.6830283e-03
   6.6750001e-05  -1.4059299e-03  -3.4554740e-03
   6.6800001e-05  -1.2296027e-03  -3.1122260e-03
   6.6850001e-05  -1.0642689e-03  -2.6409235e-03
   6.6900001e-05  -9.1471110e-04  -2.1016563e-03
   6.6950001e-05  -7.8366156e-04  -1.5977417e-03
   6.7000001e-05  -6.7166291e-04  -1.2200687e-03
   6.7050001e-05  -5.7794980e-04  -9.9785591e-04
   6.7100001e-05  -5.0188793e-04  -8.8544923e-04
   6.7150001e-05  -4.4417274e-04  -7.9341978e-04
   6.7200001e-05  -4.0710447e-04  -6.4540806e-04
   6.7250001e-05  -3.9378693e-04  -4.2623861e-04
   6.7300001e-05  -4.0673459e-04  -1.9178145e-04
   6.7350001e-05  -4.4671871e-04  -3.4218716e-05
   6.7400001e-05  -5.1250902e-04  -2.3854456e-05
   6.7450001e-05  -6.0157810e-04  -1.6352156e-04
   6.7500001e-05  -7.1121409e-04  -3.8451678e-04
   6.7550001e-05  -8.3924469e-04  -5.8776682e-04
   6.7600001e-05  -9.8387641e-04  -7.0578954e-04
   6.7650001e-05  -1.1427912e-03  -7.4729876e-04
   6.7700001e-05  -1.3121997e-03  -7.9584774e-04
   6.7750001e-05  -1.4866423e-03  -9.6140808e-04
   6.7800001e-05  -1.6598904e-03  -1.3127630e-03
   6.7850001e-05  -1.8265911e-03  -1.8312782e-03
   6.7900001e-05  -1.9837550e-03  -2.4148328e-03
   6.7950001e-05  -2.1311725e-03  -2.9310824e-03
   6.8000001e-05  -2.2703710e-03  -3.2894611e-03
   6.8050001e-05  -2.4025410e-03  -3.4895085e-03
   6.8100001e-05  -2.5264695e-03  -3.6167074e-03
   6.8150001e-05  -2.6375998e-03  -3.7881688e-03
   6.8200001e-05  -2.7288022e-03  -4.0805298e-03
   6.8250001e-05  -2.7925589e-03  -4.4831662e-03
   6.8300001e-05  -2.8235354e-03  -4.9045719e-03
   6.8350001e-05  -2.8202937e-03  -5.2276282e-03
   6.8400001e-05  -2.7853516e-03  -5.3798687e-03
   6.8450001e-05  -2.7236438e-03  -5.3757685e-03
   6.8500001e-05  -2.6402418e-03  -5.3051738e-03
   6.8550001e-05  -2.5385087e-03  -5.2749659e-03
   6.8600001e-05  -2.4195495e-03  -5.3398144e-03
   6.8650001e-05  -2.2830633e-03  -5.4648765e-03
   6.8700001e-05  -2.1289513e-03  -5.5440324e-03
   6.8750001e-05  -1.9586999e-03  -5.4633929e-03
   6.8800001e-05  -1.7758019e-03  -5.1718866e-03
   6.8850001e-05  -1.5851191e-03  -4.7159176e-03
   6.8900001e-05  -1.3916992e-03  -4.2164573e-03
   6.8950001e-05  -1.1997895e-03  -3.8016685e-03
   6.9000001e-05  -1.0125254e-03  -3.5351759e-03
   6.9050001e-05  -8.3225709e-04  -3.3828968e-03
   6.9100001e-05  -6.6107715e-04  -3.2381527e-03
   6.9150001e-05  -5.0109619e-04  -2.9895888e-03
   6.9200001e-05  -3.5433759e-04  -2.5906183e-03
   6.9250001e-05  -2.2250372e-04  -2.0884071e-03
   6.9300001e-05  -1.0699387e-04  -1.5952319e-03
   6.9350001e-05  -9.3303424e-06  -1.2202783e-03
   6.9400001e-05   6.8251778e-05  -1.0040801e-03
   6.9450001e-05   1.2255626e-04  -8.9609326e-04
   6.9500001e-05   1.4992853e-04  -7.8935263e-04
   6.9550001e-05   1.4749801e-04  -5.9097668e-04
   6.9600001e-05   1.1464943e-04  -2.8499772e-04
   6.9650001e-05   5.3946893e-05   5.1702071e-05
   6.9700001e-05  -2.9115616e-05   2.9116677e-04
   6.9750001e-05  -1.2763384e-04   3.2940198e-04
   6.9800001e-05  -2.3551873e-04   1.4956891e-04
   6.9850001e-05  -3.4941046e-04  -1.6513294e-04
   6.9900001e-05  -4.6929793e-04  -4.7734811e-04
   6.9950001e-05  -5.9743639e-04  -6.7337748e-04
   7.0000001e-05  -7.3602860e-04  -7.2686106e-04
   7.0050001e-05  -8.8484323e-04  -7.1073452e-04
   7.0100001e-05  -1.0400501e-03  -7.5087103e-04
   7.0150001e-05  -1.1949269e-03  -9.4962918e-04
   7.0200001e-05  -1.3420555e-03  -1.3251588e-03
   7.0250001e-05  -1.4757833e-03  -1.8022649e-03
   7.0300001e-05  -1.5936001e-03  -2.2591767e-03
   7.0350001e-05  -1.6957514e-03  -2.6008624e-03
   7.0400001e-05  -1.7834619e-03  -2.8139534e-03
   7.0450001e-05  -1.8569212e-03  -2.9701313e-03
   7.0500001e-05  -1.9142367e-03  -3.1765930e-03
   7.0550001e-05  -1.9519120e-03  -3.5045063e-03
   7.0600001e-05  -1.9664955e-03  -3.9396165e-03
   7.0650001e-05  -1.9564109e-03  -4.3854420e-03
   7.0700001e-05  -1.9229447e-03  -4.7173561e-03
   7.0750001e-05  -1.8698799e-03  -4.8548975e-03
   7.0800001e-05  -1.8019930e-03  -4.8086303e-03
   7.0850001e-05  -1.7231941e-03  -4.6733390e-03
   7.0900001e-05  -1.6352360e-03  -4.5717396e-03
   7.0950001e-05  -1.5375904e-03  -4.5825192e-03
   7.1000001e-05  -1.4284949e-03  -4.6955557e-03
   7.1050001e-05  -1.3065881e-03  -4.8203971e-03
   7.1100001e-05  -1.1722961e-03  -4.8418851e-03
   7.1150001e-05  -1.0283291e-03  -4.6887943e-03
   7.1200001e-05  -8.7917718e-04  -4.3742908e-03
   7.1250001e-05  -7.3002989e-04  -3.9848383e-03
   7.1300001e-05  -5.8576115e-04  -3.6257210e-03
   7.1350001e-05  -4.5040887e-04  -3.3573790e-03
   7.1400001e-05  -3.2712848e-04  -3.1616045e-03
   7.1450001e-05  -2.1826848e-04  -2.9577254e-03
   7.1500001e-05  -1.2524347e-04  -2.6580535e-03
   7.1550001e-05  -4.8224130e-05  -2.2279432e-03
   7.1600001e-05   1.3989218e-05  -1.7132502e-03
   7.1650001e-05   6.3502863e-05  -1.2180937e-03
   7.1700001e-05   1.0221943e-04  -8.4618712e-04
   7.1750001e-05   1.3052858e-04  -6.4114190e-04
   7.1800001e-05   1.4653208e-04  -5.6175858e-04
   7.1850001e-05   1.4636315e-04  -5.0725066e-04
   7.1900001e-05   1.2559627e-04  -3.7745864e-04
   7.1950001e-05   8.1125974e-05  -1.3242011e-04
   7.2000001e-05   1.2599774e-05   1.8360608e-04
   7.2050001e-05  -7.7294862e-05   4.6715909e-04
   7.2100001e-05  -1.8379139e-04   6.1413593e-04
   7.2150001e-05  -3.0171109e-04   5.7713792e-04
   7.2200001e-05  -4.2695890e-04   3.8852237e-04
   7.2250001e-05  -5.5711274e-04   1.3716619e-04
   7.2300001e-05  -6.9089874e-04  -8.5559914e-05
   7.2350001e-05  -8.2696491e-04  -2.3765703e-04
   7.2400001e-05  -9.6275267e-04  -3.4587385e-04
   7.2450001e-05  -1.0942083e-03  -4.8274032e-04
   7.2500001e-05  -1.2166015e-03  -7.1698450e-04
   7.2550001e-05  -1.3260650e-03  -1.0683348e-03
   7.2600001e-05  -1.4209936e-03  -1.4939207e-03
   7.2650001e-05  -1.5024219e-03  -1.9135143e-03
   7.2700001e-05  -1.5730092e-03  -2.2571764e-03
   7.2750001e-05  -1.6350285e-03  -2.5057734e-03
   7.2800001e-05  -1.6883854e-03  -2.6998632e-03
   7.2850001e-05  -1.7297660e-03  -2.9120727e-03
   7.2900001e-05  -1.7534582e-03  -3.2001522e-03
   7.2950001e-05  -1.7535023e-03  -3.5691513e-03
   7.3000001e-05  -1.7261166e-03  -3.9651627e-03
   7.3050001e-05  -1.6712303e-03  -4.3038889e-03
   7.3100001e-05  -1.5924780e-03  -4.5166314e-03
   7.3150001e-05  -1.4958223e-03  -4.5865015e-03
   7.3200001e-05  -1.3875727e-03  -4.5541325e-03
   7.3250001e-05  -1.2726837e-03  -4.4906479e-03
   7.3300001e-05  -1.1538839e-03  -4.4548055e-03
   7.3350001e-05  -1.0317230e-03  -4.4598146e-03
   7.3400001e-05  -9.0529997e-04  -4.4686794e-03
   7.3450001e-05  -7.7333488e-04  -4.4194981e-03
   7.3500001e-05  -6.3527242e-04  -4.2645871e-03
   7.3550001e-05  -4.9214048e-04  -3.9998773e-03
   7.3600001e-05  -3.4692360e-04  -3.6676840e-03
   7.3650001e-05  -2.0431410e-04  -3.3321895e-03
   7.3700001e-05  -6.9890142e-05  -3.0429536e-03
   7.3750001e-05   5.1023846e-05  -2.8081674e-03
   7.3800001e-05   1.5445900e-04  -2.5928982e-03
   7.3850001e-05   2.3854502e-04  -2.3425429e-03
   7.3900001e-05   3.0369050e-04  -2.0171881e-03
   7.3950001e-05   3.5212078e-04  -1.6169003e-03
   7.4000001e-05   3.8682821e-04  -1.1839517e-03
   7.4050001e-05   4.1018412e-04  -7.8165793e-04
   7.4100001e-05   4.2269920e-04  -4.6263976e-04
   7.4150001e-05   4.2253311e-04  -2.4454313e-04
   7.4200001e-05   4.0615082e-04  -1.0603194e-04
   7.4250001e-05   3.6997939e-04  -3.8000537e-06
   7.4300001e-05   3.1230896e-04   1.0036253e-04
   7.4350001e-05   2.3443306e-04   2.1820930e-04
   7.4400001e-05   1.4037706e-04   3.3079452e-04
   7.4450001e-05   3.5357240e-05   4.0232413e-04
   7.4500001e-05  -7.6159304e-05   4.0281823e-04
   7.4550001e-05  -1.9173529e-04   3.2595734e-04
   7.4600001e-05  -3.1097681e-04   1.9209218e-04
   7.4650001e-05  -4.3443037e-04   3.5423996e-05
   7.4700001e-05  -5.6208699e-04  -1.1656430e-04
   7.4750001e-05  -6.9230539e-04  -2.5927296e-04
   7.4800001e-05  -8.2162669e-04  -4.1349407e-04
   7.4850001e-05  -9.4546779e-04  -6.1291957e-04
   7.4900001e-05  -1.0593116e-03  -8.8365970e-04
   7.4950001e-05  -1.1598682e-03  -1.2270457e-03
   7.5000002e-05  -1.2457300e-03  -1.6150684e-03
   7.5050002e-05  -1.3172461e-03  -2.0009691e-03
   7.5100002e-05  -1.3756544e-03  -2.3395282e-03
   7.5150002e-05  -1.4218532e-03  -2.6066569e-03
   7.5200002e-05  -1.4554131e-03  -2.8084239e-03
   7.5250002e-05  -1.4743464e-03  -2.9751814e-03
   7.5300002e-05  -1.4757777e-03  -3.1440577e-03
   7.5350002e-05  -1.4571656e-03  -3.3388725e-03
   7.5400002e-05  -1.4174463e-03  -3.5576182e-03
   7.5450002e-05  -1.3575621e-03  -3.7735917e-03
   7.5500002e-05  -1.2802202e-03  -3.9491644e-03
   7.5550002e-05  -1.1891265e-03  -4.0546888e-03
   7.5600002e-05  -1.0880935e-03  -4.0824818e-03
   7.5650002e-05  -9.8031759e-04  -4.0485761e-03
   7.5700002e-05  -8.6792355e-04  -3.9815605e-03
   7.5750002e-05  -7.5178576e-04  -3.9048884e-03
   7.5800002e-05  -6.3168834e-04  -3.8227336e-03
   7.5850002e-05  -5.0691684e-04  -3.7176143e-03
   7.5900002e-05  -3.7724915e-04  -3.5615051e-03
   7.5950002e-05  -2.4402895e-04  -3.3343919e-03
   7.6000002e-05  -1.1078978e-04  -3.0395801e-03
   7.6050002e-05   1.7026074e-05  -2.7063759e-03
   7.6100002e-05   1.3329573e-04  -2.3775992e-03
   7.6150002e-05   2.3290899e-04  -2.0881633e-03
   7.6200002e-05   3.1315067e-04  -1.8466350e-03
   7.6250002e-05   3.7413498e-04  -1.6307846e-03
   7.6300002e-05   4.1814239e-04  -1.4006778e-03
   7.6350002e-05   4.4823997e-04  -1.1228351e-03
   7.6400002e-05   4.6683801e-04  -7.9209672e-04
   7.6450002e-05   4.7475239e-04  -4.3836870e-04
   7.6500002e-05   4.7103260e-04  -1.1354343e-04
   7.6550002e-05   4.5348905e-04   1.3476108e-04
   7.6600002e-05   4.1964350e-04   2.8795004e-04
   7.6650002e-05   3.6774023e-04   3.6522868e-04
   7.6700002e-05   2.9746149e-04   4.1077097e-04
   7.6750002e-05   2.1009354e-04   4.6623367e-04
   7.6800002e-05   1.0811401e-04   5.4457062e-04
   7.6850002e-05  -5.5363021e-06   6.2092853e-04
   7.6900002e-05  -1.2804549e-04   6.4672768e-04
   7.6950002e-05  -2.5682605e-04   5.7924382e-04
   7.7000002e-05  -3.8912395e-04   4.0927142e-04
   7.7050002e-05  -5.2155141e-04   1.6984720e-04
   7.7100002e-05  -6.5005833e-04  -8.0237049e-05
   7.7150002e-05  -7.7053718e-04  -2.8935637e-04
   7.7200002e-05  -8.7974255e-04  -4.4323795e-04
   7.7250002e-05  -9.7591308e-04  -5.7400181e-04
   7.7300002e-05  -1.0586700e-03  -7.4158510e-04
   7.7350002e-05  -1.1282872e-03  -9.9743158e-04
   7.7400002e-05  -1.1848552e-03  -1.3513867e-03
   7.7450002e-05  -1.2278607e-03  -1.7616333e-03
   7.7500002e-05  -1.2563001e-03  -2.1544555e-03
   7.7550002e-05  -1.2690432e-03  -2.4630809e-03
   7.7600002e-05  -1.2650779e-03  -2.6632207e-03
   7.7650002e-05  -1.2435477e-03  -2.7843798e-03
   7.7700002e-05  -1.2037884e-03  -2.8899992e-03
   7.7750002e-05  -1.1456033e-03  -3.0379358e-03
   7.7800002e-05  -1.0697391e-03  -3.2446661e-03
   7.7850002e-05  -9.7825611e-04  -3.4746244e-03
   7.7900002e-05  -8.7447593e-04  -3.6611801e-03
   7.7950002e-05  -7.6246570e-04  -3.7467063e-03
   7.8000002e-05  -6.4630609e-04  -3.7174702e-03
   7.8050002e-05  -5.2945164e-04  -3.6119553e-03
   7.8100002e-05  -4.1434064e-04  -3.4971703e-03
   7.8150002e-05  -3.0225841e-04  -3.4270585e-03
   7.8200002e-05  -1.9346667e-04  -3.4083577e-03
   7.8250002e-05  -8.7688401e-05  -3.3951842e-03
   7.8300002e-05   1.5036446e-05  -3.3164085e-03
   7.8350002e-05   1.1340385e-04  -3.1198480e-03
   7.8400002e-05   2.0436470e-04  -2.8066121e-03
   7.8450002e-05   2.8358484e-04  -2.4343387e-03
   7.8500002e-05   3.4679176e-04  -2.0865386e-03
   7.8550002e-05   3.9131285e-04  -1.8258122e-03
   7.8600002e-05   4.1688370e-04  -1.6588190e-03
   7.8650002e-05   4.2523365e-04  -1.5342492e-03
   7.8700002e-05   4.1876093e-04  -1.3754218e-03
   7.8750002e-05   3.9918770e-04  -1.1282419e-03
   7.8800002e-05   3.6701170e-04  -7.9575111e-04
   7.8850002e-05   3.2194794e-04  -4.3831207e-04
   7.8900002e-05   2.6388769e-04  -1.3906397e-04
   7.8950002e-05   1.9367451e-04   4.4686072e-05
   7.9000002e-05   1.1327772e-04   1.1475341e-04
   7.9050002e-05   2.5411118e-05   1.2969317e-04
   7.9100002e-05  -6.7077606e-05   1.6786635e-04
   7.9150002e-05  -1.6174710e-04   2.7809176e-04
   7.9200002e-05  -2.5689416e-04   4.4780763e-04
   7.9250002e-05  -3.5162875e-04   6.0836400e-04
   7.9300002e-05  -4.4564021e-04   6.7475479e-04
   7.9350002e-05  -5.3864601e-04   5.9620279e-04
   7.9400002e-05  -6.2969333e-04   3.8721145e-04
   7.9450002e-05  -7.1668188e-04   1.2022270e-04
   7.9500002e-05  -7.9646643e-04  -1.1598989e-04
   7.9550002e-05  -8.6558377e-04  -2.6744386e-04
   7.9600002e-05  -9.2122494e-04  -3.4506261e-04
   7.9650002e-05  -9.6188107e-04  -4.1585145e-04
   7.9700002e-05  -9.8731753e-04  -5.6059432e-04
   7.9750002e-05  -9.9801994e-04  -8.2360883e-04
   7.9800002e-05  -9.9461072e-04  -1.1847529e-03
   7.9850002e-05  -9.7766751e-04  -1.5703373e-03
   7.9900002e-05  -9.4796013e-04  -1.8960751e-03
   7.9950002e-05  -9.0673461e-04  -2.1159244e-03
   8.0000002e-05  -8.5565454e-04  -2.2472781e-03
   8.0050002e-05  -7.9636526e-04  -2.3574037e-03
   8.0100002e-05  -7.3004042e-04  -2.5195645e-03
   8.0150002e-05  -6.5732474e-04  -2.7655696e-03
   8.0200002e-05  -5.7875097e-04  -3.0636068e-03
   8.0250002e-05  -4.9527694e-04  -3.3348263e-03
   8.0300002e-05  -4.0846728e-04  -3.4986895e-03
   8.0350002e-05  -3.2014790e-04  -3.5197181e-03
   8.0400002e-05  -2.3182330e-04  -3.4274929e-03
   8.0450002e-05  -1.4435705e-04  -3.2979411e-03
   8.0500002e-05  -5.8188369e-05  -3.2073068e-03
   8.0550002e-05   2.6089729e-05  -3.1865728e-03
   8.0600002e-05   1.0723658e-04  -3.2036572e-03
   8.0650002e-05   1.8328063e-04  -3.1838333e-03
   8.0700002e-05   2.5181868e-04  -3.0557662e-03
   8.0750002e-05   3.1043231e-04  -2.7952893e-03
   8.0800002e-05   3.5702458e-04  -2.4406840e-03
   8.0850002e-05   3.9010550e-04  -2.0706411e-03
   8.0900002e-05   4.0912972e-04  -1.7586011e-03
   8.0950002e-05   4.1480138e-04  -1.5312079e-03
   8.1000002e-05   4.0903274e-04  -1.3557724e-03
   8.1050002e-05   3.9430728e-04  -1.1638550e-03
   8.1100002e-05   3.7261992e-04  -8.9623471e-04
   8.1150002e-05   3.4460324e-04  -5.4182840e-04
   8.1200002e-05   3.0945314e-04  -1.4709008e-04
   8.1250002e-05   2.6573890e-04   2.0953131e-04
   8.1300002e-05   2.1252564e-04   4.6240483e-04
   8.1350002e-05   1.5002533e-04   5.9569225e-04
   8.1400002e-05   7.9426820e-05   6.5034110e-04
   8.1450002e-05   2.2550400e-06   6.9714297e-04
   8.1500002e-05  -8.0054990e-05   7.9226086e-04
   8.1550002e-05  -1.6599959e-04   9.4195607e-04
   8.1600002e-05  -2.5353432e-04   1.0974995e-03
   8.1650002e-05  -3.3990122e-04   1.1830758e-03
   8.1700002e-05  -4.2209122e-04   1.1398819e-03
   8.1750002e-05  -4.9766712e-04   9.6025888e-04
   8.1800002e-05  -5.6532683e-04   6.9198059e-04
   8.1850002e-05  -6.2482839e-04   4.1074140e-04
   8.1900002e-05  -6.7646260e-04   1.7760042e-04
   8.1950002e-05  -7.2058220e-04   6.5547028e-06
   8.2000002e-05  -7.5748982e-04  -1.3922129e-04
   8.2050002e-05  -7.8751106e-04  -3.2131228e-04
   8.2100002e-05  -8.1086549e-04  -5.8657385e-04
   8.2150002e-05  -8.2723575e-04  -9.3795045e-04
   8.2200002e-05  -8.3541183e-04  -1.3323994e-03
   8.2250002e-05  -8.3351153e-04  -1.7060741e-03
   8.2300002e-05  -8.1986113e-04  -2.0107420e-03
   8.2350002e-05  -7.9401612e-04  -2.2392992e-03
   8.2400002e-05  -7.5720419e-04  -2.4255046e-03
   8.2450002e-05  -7.1189768e-04  -2.6189457e-03
   8.2500002e-05  -6.6088908e-04  -2.8510583e-03
   8.2550002e-05  -6.0654513e-04  -3.1129634e-03
   8.2600002e-05  -5.5060338e-04  -3.3583192e-03
   8.2650002e-05  -4.9430202e-04  -3.5291603e-03
   8.2700002e-05  -4.3838384e-04  -3.5890271e-03
   8.2750002e-05  -3.8282774e-04  -3.5436386e-03
   8.2800002e-05  -3.2667181e-04  -3.4370534e-03
   8.2850002e-05  -2.6842544e-04  -3.3258933e-03
   8.2900002e-05  -2.0711261e-04  -3.2469821e-03
   8.2950002e-05  -1.4333673e-04  -3.1972807e-03
   8.3000002e-05  -7.9551362e-05  -3.1374316e-03
   8.3050002e-05  -1.9215706e-05  -3.0162924e-03
   8.3100002e-05   3.4666762e-05  -2.8018022e-03
   8.3150002e-05   8.0675505e-05  -2.5003047e-03
   8.3200002e-05   1.1909989e-04  -2.1536318e-03
   8.3250002e-05   1.5115358e-04  -1.8163561e-03
   8.3300002e-05   1.7794718e-04  -1.5268569e-03
   8.3350002e-05   1.9987332e-04  -1.2888639e-03
   8.3400002e-05   2.1657591e-04  -1.0734979e-03
   8.3450002e-05   2.2723128e-04  -8.3974953e-04
   8.3500002e-05   2.3083271e-04  -5.6095241e-04
   8.3550002e-05   2.2644222e-04  -2.4197082e-04
   8.3600002e-05   2.1355970e-04   8.2220795e-05
   8.3650002e-05   1.9260119e-04   3.6494038e-04
   8.3700002e-05   1.6515487e-04   5.7207892e-04
   8.3750002e-05   1.3361128e-04   6.9840427e-04
   8.3800002e-05   1.0015331e-04   7.6720869e-04
   8.3850002e-05   6.5669941e-05   8.1438292e-04
   8.3900002e-05   2.9383349e-05   8.6664507e-04
   8.3950002e-05  -1.0442193e-05   9.2641526e-04
   8.4000002e-05  -5.5135788e-05   9.7147719e-04
   8.4050002e-05  -1.0454232e-04   9.6889562e-04
   8.4100002e-05  -1.5695888e-04   8.9469313e-04
   8.4150002e-05  -2.1002778e-04   7.4791769e-04
   8.4200002e-05  -2.6183107e-04   5.5133231e-04
   8.4250002e-05  -3.1139181e-04   3.3875764e-04
   8.4300002e-05  -3.5838634e-04   1.3662061e-04
   8.4350002e-05  -4.0253278e-04  -4.9672180e-05
   8.4400002e-05  -4.4325957e-04  -2.3687555e-04
   8.4450002e-05  -4.7981882e-04  -4.5208388e-04
   8.4500002e-05  -5.1149150e-04  -7.1478507e-04
   8.4550002e-05  -5.3748186e-04  -1.0230124e-03
   8.4600002e-05  -5.5655418e-04  -1.3514562e-03
   8.4650002e-05  -5.6692288e-04  -1.6626802e-03
   8.4700002e-05  -5.6682399e-04  -1.9252830e-03
   8.4750002e-05  -5.5557740e-04  -2.1289722e-03
   8.4800002e-05  -5.3436530e-04  -2.2881965e-03
   8.4850002e-05  -5.0600915e-04  -2.4322513e-03
   8.4900002e-05  -4.7375675e-04  -2.5872090e-03
   8.4950002e-05  -4.3985900e-04  -2.7595775e-03
   8.5000002e-05  -4.0484374e-04  -2.9307585e-03
   8.5050002e-05  -3.6778365e-04  -3.0655633e-03
   8.5100002e-05  -3.2709638e-04  -3.1303517e-03
   8.5150002e-05  -2.8120860e-04  -3.1109466e-03
   8.5200002e-05  -2.2886942e-04  -3.0203706e-03
   8.5250002e-05  -1.6944989e-04  -2.8918642e-03
   8.5300002e-05  -1.0356363e-04  -2.7607447e-03
   8.5350002e-05  -3.3762059e-05  -2.6450530e-03
   8.5400002e-05   3.5456578e-05  -2.5359308e-03
   8.5450002e-05   9.8855038e-05  -2.4035005e-03
   8.5500002e-05   1.5247767e-04  -2.2153466e-03
   8.5550002e-05   1.9524533e-04  -1.9573334e-03
   8.5600002e-05   2.2898332e-04  -1.6447480e-03
   8.5650002e-05   2.5680580e-04  -1.3168853e-03
   8.5700002e-05   2.8095508e-04  -1.0175433e-03
   8.5750002e-05   3.0149877e-04  -7.7217841e-04
   8.5800002e-05   3.1650870e-04  -5.7483971e-04
   8.5850002e-05   3.2322193e-04  -3.9280401e-04
   8.5900002e-05   3.1917985e-04  -1.8684004e-04
   8.5950002e-05   3.0275591e-04   6.4114138e-05
   8.6000002e-05   2.7324117e-04   3.4798964e-04
   8.6050002e-05   2.3094885e-04   6.2325562e-04
   8.6100002e-05   1.7742072e-04   8.3958649e-04
   8.6150002e-05   1.1531940e-04   9.6402445e-04
   8.6200002e-05   4.7650956e-05   9.9772424e-04
   8.6250002e-05  -2.3380335e-05   9.7358803e-04
   8.6300002e-05  -9.7013333e-05   9.3609642e-04
   8.6350002e-05  -1.7340896e-04   9.1508345e-04
   8.6400002e-05  -2.5225335e-04   9.0889516e-04
   8.6450002e-05  -3.3161259e-04   8.8694453e-04
   8.6500002e-05  -4.0806975e-04   8.1013952e-04
   8.6550002e-05  -4.7813848e-04   6.5679674e-04
   8.6600002e-05  -5.3986348e-04   4.3805593e-04
   8.6650002e-05  -5.9334957e-04   1.9290786e-04
   8.6700002e-05  -6.3985767e-04  -3.4675933e-05
   8.6750002e-05  -6.8025943e-04  -2.2275554e-04
   8.6800002e-05  -7.1404385e-04  -3.8566353e-04
   8.6850002e-05  -7.3945598e-04  -5.6578580e-04
   8.6900002e-05  -7.5435988e-04  -8.0675306e-04
   8.6950002e-05  -7.5698335e-04  -1.1236770e-03
   8.7000002e-05  -7.4611761e-04  -1.4886915e-03
   8.7050002e-05  -7.2106830e-04  -1.8415643e-03
   8.7100002e-05  -6.8189681e-04  -2.1203102e-03
   8.7150002e-05  -6.3001300e-04  -2.2944130e-03
   8.7200002e-05  -5.6853262e-04  -2.3810312e-03
   8.7250002e-05  -5.0173188e-04  -2.4341156e-03
   8.7300002e-05  -4.3360941e-04  -2.5122417e-03
   8.7350002e-05  -3.6639211e-04  -2.6437507e-03
   8.7400002e-05  -3.0001035e-04  -2.8097422e-03
   8.7450002e-05  -2.3288070e-04  -2.9551324e-03
   8.7500002e-05  -1.6336945e-04  -3.0213764e-03
   8.7550002e-05  -9.0908397e-05  -2.9814043e-03
   8.7600002e-05  -1.6210168e-05  -2.8557419e-03
   8.7650002e-05   5.9125778e-05  -2.6998660e-03
   8.7700002e-05   1.3293362e-04  -2.5701115e-03
   8.7750002e-05   2.0243616e-04  -2.4886150e-03
   8.7800002e-05   2.6423947e-04  -2.4287773e-03
   8.7850002e-05   3.1497737e-04  -2.3306962e-03
   8.7900002e-05   3.5262085e-04  -2.1379786e-03
   8.7950002e-05   3.7760998e-04  -1.8341069e-03
   8.8000002e-05   3.9273992e-04  -1.4562662e-03
   8.8050002e-05   4.0151604e-04  -1.0776733e-03
   8.8100002e-05   4.0591322e-04  -7.6826703e-04
   8.8150002e-05   4.0507677e-04  -5.5680185e-04
   8.8200002e-05   3.9589711e-04  -4.1684942e-04
   8.8250002e-05   3.7503583e-04  -2.8508520e-04
   8.8300002e-05   3.4098141e-04  -1.0095578e-04
   8.8350002e-05   2.9485853e-04   1.5598546e-04
   8.8400002e-05   2.3978058e-04   4.5332423e-04
   8.8450002e-05   1.7954122e-04   7.2498014e-04
   8.8500002e-05   1.1757738e-04   9.1041630e-04
   8.8550002e-05   5.6492794e-05   9.8991080e-04
   8.8600002e-05  -2.1914632e-06   9.9447521e-04
   8.8650002e-05  -5.8341004e-05   9.8454044e-04
   8.8700002e-05  -1.1328836e-04   1.0106111e-03
   8.8750002e-05  -1.6912747e-04   1.0801215e-03
   8.8800002e-05  -2.2717101e-04   1.1510131e-03
   8.8850002e-05  -2.8644546e-04   1.1562996e-03
   8.8900002e-05  -3.4346702e-04   1.0449549e-03
   8.8950002e-05  -3.9377704e-04   8.1432227e-04
   8.9000002e-05  -4.3432147e-04   5.1413040e-04
   8.9050002e-05  -4.6496099e-04   2.1925913e-04
   8.9100002e-05  -4.8799478e-04  -1.2654362e-05
   8.9150002e-05  -5.0613703e-04  -1.7332601e-04
   8.9200002e-05  -5.2056223e-04  -3.0624270e-04
   8.9250002e-05  -5.3041999e-04  -4.7785393e-04
   8.9300002e-05  -5.3386507e-04  -7.3494046e-04
   8.9350002e-05  -5.2943395e-04  -1.0740251e-03
   8.9400002e-05  -5.1659311e-04  -1.4414415e-03
   8.9450002e-05  -4.9535232e-04  -1.7640442e-03
   8.9500002e-05  -4.6582293e-04  -1.9918492e-03
   8.9550002e-05  -4.2850449e-04  -2.1265654e-03
   8.9600002e-05  -3.8506644e-04  -2.2185303e-03
   8.9650002e-05  -3.3858547e-04  -2.3337991e-03
   8.9700002e-05  -2.9252641e-04  -2.5113567e-03
   8.9750002e-05  -2.4897122e-04  -2.7364886e-03
   8.9800002e-05  -2.0750002e-04  -2.9466404e-03
   8.9850002e-05  -1.6575480e-04  -3.0664832e-03
   8.9900002e-05  -1.2134548e-04  -3.0513252e-03
   8.9950002e-05  -7.3648545e-05  -2.9130119e-03
   9.0000002e-05  -2.4227456e-05  -2.7129762e-03
   9.0050002e-05   2.4141684e-05  -2.5267061e-03
   9.0100002e-05   6.8749177e-05  -2.4007871e-03
   9.0150002e-05   1.0750004e-04  -2.3278273e-03
   9.0200002e-05   1.3872758e-04  -2.2536509e-03
   9.0250002e-05   1.6112335e-04  -2.1118431e-03
   9.0300002e-05   1.7439180e-04  -1.8646478e-03
   9.0350002e-05   1.8016734e-04  -1.5258767e-03
   9.0400002e-05   1.8201765e-04  -1.1527049e-03
   9.0450002e-05   1.8389043e-04  -8.1210182e-04
   9.0500002e-05   1.8776549e-04  -5.4272613e-04
   9.0550002e-05   1.9222991e-04  -3.3540677e-04
   9.0600002e-05   1.9319351e-04  -1.4359511e-04
   9.0650002e-05   1.8633815e-04   8.3286752e-05
   9.0700002e-05   1.6954815e-04   3.6457102e-04
   9.0750002e-05   1.4367740e-04   6.7301665e-04
   9.0800002e-05   1.1143424e-04   9.4881363e-04
   9.0850002e-05   7.5606149e-05   1.1341990e-03
   9.0900002e-05   3.8071827e-05   1.2073789e-03
   9.0950002e-05   1.6598882e-08   1.1950061e-03
   9.1000002e-05  -3.7420763e-05   1.1556568e-03
   9.1050002e-05  -7.3054922e-05   1.1443787e-03
   9.1100002e-05  -1.0625582e-04   1.1796902e-03
   9.1150002e-05  -1.3745808e-04   1.2326752e-03
   9.1200002e-05  -1.6778072e-04   1.2443459e-03
   9.1250002e-05  -1.9788940e-04   1.1605643e-03
   9.1300002e-05  -2.2712961e-04   9.6367352e-04
   9.1350002e-05  -2.5385254e-04   6.8246276e-04
   9.1400002e-05  -2.7676855e-04   3.7532535e-04
   9.1450002e-05  -2.9612664e-04   9.7361459e-05
   9.1500002e-05  -3.1357360e-04  -1.2876808e-04
   9.1550002e-05  -3.3070621e-04  -3.2133309e-04
   9.1600002e-05  -3.4753809e-04  -5.2325870e-04
   9.1650002e-05  -3.6221591e-04  -7.7179685e-04
   9.1700002e-05  -3.7221279e-04  -1.0728748e-03
   9.1750002e-05  -3.7592888e-04  -1.3954781e-03
   9.1800002e-05  -3.7334755e-04  -1.6889590e-03
   9.1850002e-05  -3.6536911e-04  -1.9122642e-03
   9.1900002e-05  -3.5270961e-04  -2.0571230e-03
   9.1950002e-05  -3.3557703e-04  -2.1512420e-03
   9.2000002e-05  -3.1441683e-04  -2.2398969e-03
   9.2050002e-05  -2.9078688e-04  -2.3573546e-03
   9.2100002e-05  -2.6714199e-04  -2.5054244e-03
   9.2150002e-05  -2.4533234e-04  -2.6517613e-03
   9.2200002e-05  -2.2499068e-04  -2.7484209e-03
   9.2250002e-05  -2.0334119e-04  -2.7591244e-03
   9.2300002e-05  -1.7686107e-04  -2.6789545e-03
   9.2350002e-05  -1.4362033e-04  -2.5353231e-03
   9.2400002e-05  -1.0449687e-04  -2.3705754e-03
   9.2450002e-05  -6.2416082e-05  -2.2173538e-03
   9.2500002e-05  -2.0427586e-05  -2.0815174e-03
   9.2550002e-05   1.9718569e-05  -1.9421879e-03
   9.2600002e-05   5.7525751e-05  -1.7679405e-03
   9.2650002e-05   9.2746821e-05  -1.5387385e-03
   9.2700002e-05   1.2473640e-04  -1.2603645e-03
   9.2750002e-05   1.5285742e-04  -9.6308970e-04
   9.2800002e-05   1.7732107e-04  -6.8584509e-04
   9.2850002e-05   1.9924098e-04  -4.5550533e-04
   9.2900002e-05   2.1947479e-04  -2.7334411e-04
   9.2950002e-05   2.3721562e-04  -1.1618873e-04
   9.3000002e-05   2.4980653e-04   4.8813414e-05
   9.3050002e-05   2.5424222e-04   2.4452526e-04
   9.3100002e-05   2.4919998e-04   4.7032253e-04
   9.3150002e-05   2.3581416e-04   7.0186937e-04
   9.3200002e-05   2.1647895e-04   9.0351974e-04
   9.3250002e-05   1.9277136e-04   1.0457700e-03
   9.3300002e-05   1.6439645e-04   1.1179678e-03
   9.3350002e-05   1.3006266e-04   1.1299308e-03
   9.3400002e-05   8.9339002e-05   1.1028682e-03
   9.3450002e-05   4.3629614e-05   1.0558976e-03
   9.3500002e-05  -4.6836462e-06   9.9620188e-04
   9.3550002e-05  -5.4039159e-05   9.1785117e-04
   9.3600002e-05  -1.0459765e-04   8.0877909e-04
   9.3650002e-05  -1.5730210e-04   6.6080521e-04
   9.3700002e-05  -2.1199610e-04   4.7646606e-04
   9.3750002e-05  -2.6647485e-04   2.6895330e-04
   9.3800002e-05  -3.1746863e-04   5.5744324e-05
   9.3850002e-05  -3.6268870e-04  -1.5005065e-04
   9.3900002e-05  -4.0203039e-04  -3.4573989e-04
   9.3950002e-05  -4.3683575e-04  -5.3939328e-04
   9.4000002e-05  -4.6796506e-04  -7.4450794e-04
   9.4050002e-05  -4.9450446e-04  -9.7182085e-04
   9.4100002e-05  -5.1423267e-04  -1.2223091e-03
   9.4150002e-05  -5.2522571e-04  -1.4847029e-03
   9.4200002e-05  -5.2694412e-04  -1.7386624e-03
   9.4250002e-05  -5.1980192e-04  -1.9621369e-03
   9.4300002e-05  -5.0384679e-04  -2.1394843e-03
   9.4350002e-05  -4.7809741e-04  -2.2665530e-03
   9.4400002e-05  -4.4136768e-04  -2.3503790e-03
   9.4450002e-05  -3.9380175e-04  -2.4037741e-03
   9.4500002e-05  -3.3751229e-04  -2.4376502e-03
   9.4550002e-05  -2.7553932e-04  -2.4550823e-03
   9.4600002e-05  -2.1003420e-04  -2.4502014e-03
   9.4650002e-05  -1.4142484e-04  -2.4124498e-03
   9.4700002e-05  -6.9432630e-05  -2.3338248e-03
   9.4750002e-05   4.9997861e-06  -2.2150369e-03
   9.4800002e-05   7.8781013e-05  -2.0669333e-03
   9.4850002e-05   1.4779779e-04  -1.9059639e-03
   9.4900002e-05   2.0922972e-04  -1.7457416e-03
   9.4950002e-05   2.6301510e-04  -1.5891750e-03
   9.5000002e-05   3.1113270e-04  -1.4258762e-03
   9.5050002e-05   3.5530078e-04  -1.2371511e-03
   9.5100002e-05   3.9506980e-04  -1.0068362e-03
   9.5150002e-05   4.2785084e-04  -7.3258788e-04
   9.5200002e-05   4.5063830e-04  -4.3116012e-04
   9.5250002e-05   4.6174205e-04  -1.3378693e-04
   9.5300002e-05   4.6105275e-04   1.2693288e-04
   9.5350002e-05   4.4891669e-04   3.3208789e-04
   9.5400002e-05   4.2504346e-04   4.8502887e-04
   9.5450002e-05   3.8871734e-04   6.0809450e-04
   9.5500002e-05   3.4014942e-04   7.2872161e-04
   9.5550002e-05   2.8155465e-04   8.6258078e-04
   9.5600002e-05   2.1672581e-04   1.0035676e-03
   9.5650002e-05   1.4931803e-04   1.1267774e-03
   9.5700002e-05   8.1325459e-05   1.2029507e-03
   9.5750002e-05   1.3056455e-05   1.2158604e-03
   9.5800002e-05  -5.5536533e-05   1.1720915e-03
   9.5850002e-05  -1.2360829e-04   1.0970724e-03
   9.5900002e-05  -1.8952650e-04   1.0194931e-03
   9.5950002e-05  -2.5213649e-04   9.5342495e-04
   9.6000002e-05  -3.1169291e-04   8.8911637e-04
   9.6050002e-05  -3.6919667e-04   7.9845876e-04
   9.6100002e-05  -4.2449147e-04   6.5235770e-04
   9.6150002e-05  -4.7490268e-04   4.3989049e-04
   9.6200002e-05  -5.1595725e-04   1.7763955e-04
   9.6250002e-05  -5.4389844e-04  -9.6945412e-05
   9.6300002e-05  -5.5797788e-04  -3.4490065e-04
   9.6350002e-05  -5.6055892e-04  -5.4670550e-04
   9.6400002e-05  -5.5494678e-04  -7.1224326e-04
   9.6450002e-05  -5.4286246e-04  -8.7328110e-04
   9.6500002e-05  -5.2373426e-04  -1.0623841e-03
   9.6550002e-05  -4.9624161e-04  -1.2907162e-03
   9.6600002e-05  -4.6046334e-04  -1.5384499e-03
   9.6650002e-05  -4.1851270e-04  -1.7643031e-03
   9.6700002e-05  -3.7309757e-04  -1.9290687e-03
   9.6750002e-05  -3.2547544e-04  -2.0190012e-03
   9.6800002e-05  -2.7481726e-04  -2.0543928e-03
   9.6850002e-05  -2.1956606e-04  -2.0773516e-03
   9.6900002e-05  -1.5943267e-04  -2.1255959e-03
   9.6950002e-05  -9.6135816e-05  -2.2080720e-03
   9.7000002e-05  -3.2348034e-05  -2.2975884e-03
   9.7050002e-05   2.9874396e-05  -2.3455650e-03
   9.7100002e-05   8.9483685e-05  -2.3104863e-03
   9.7150002e-05   1.4535052e-04  -2.1830753e-03
   9.7200002e-05   1.9510678e-04  -1.9929148e-03
   9.7250002e-05   2.3554075e-04  -1.7922731e-03
   9.7300002e-05   2.6455859e-04  -1.6265949e-03
   9.7350002e-05   2.8292020e-04  -1.5091696e-03
   9.7400002e-05   2.9387127e-04  -1.4150714e-03
   9.7450002e-05   3.0066940e-04  -1.2979697e-03
   9.7500002e-05   3.0407254e-04  -1.1197316e-03
   9.7550002e-05   3.0204991e-04  -8.7502151e-04
   9.7600002e-05   2.9198729e-04  -5.9600634e-04
   9.7650002e-05   2.7333951e-04  -3.3417594e-04
   9.7700002e-05   2.4826726e-04  -1.3016422e-04
   9.7750002e-05   2.1971430e-04   1.0032951e-05
   9.7800002e-05   1.8881365e-04   1.1761534e-04
   9.7850002e-05   1.5413106e-04   2.4024509e-04
   9.7900002e-05   1.1348467e-04   4.1034742e-04
   9.7950002e-05   6.6635032e-05   6.2194269e-04
   9.8000002e-05   1.6354354e-05   8.3077519e-04
   9.8050002e-05  -3.3050226e-05   9.7843539e-04
   9.8100002e-05  -7.8334437e-05   1.0262757e-03
   9.8150002e-05  -1.1872573e-04   9.7849267e-04
   9.8200002e-05  -1.5515606e-04   8.8001834e-04
   9.8250002e-05  -1.8844563e-04   7.9014542e-04
   9.8300002e-05  -2.1837188e-04   7.4770657e-04
   9.8350002e-05  -2.4436752e-04   7.4885320e-04
   9.8400002e-05  -2.6674155e-04   7.5076113e-04
   9.8450002e-05  -2.8675649e-04   6.9872779e-04
   9.8500002e-05  -3.0519234e-04   5.5993767e-04
   9.8550002e-05  -3.2080981e-04   3.4335093e-04
   9.8600002e-05  -3.3049009e-04   9.3910530e-05
   9.8650002e-05  -3.3130383e-04  -1.3493944e-04
   9.8700002e-05  -3.2281221e-04  -3.1327820e-04
   9.8750002e-05  -3.0749792e-04  -4.5153519e-04
   9.8800002e-05  -2.8886055e-04  -5.9178757e-04
   9.8850002e-05  -2.6887056e-04  -7.7883346e-04
   9.8900002e-05  -2.4707877e-04  -1.0287787e-03
   9.8950002e-05  -2.2210172e-04  -1.3146192e-03
   9.9000002e-05  -1.9393137e-04  -1.5782365e-03
   9.9050002e-05  -1.6472228e-04  -1.7622735e-03
   9.9100002e-05  -1.3717527e-04  -1.8430597e-03
   9.9150002e-05  -1.1198784e-04  -1.8446201e-03
   9.9200002e-05  -8.6842148e-05  -1.8247920e-03
   9.9250002e-05  -5.8078545e-05  -1.8411702e-03
   9.9300002e-05  -2.3769964e-05  -1.9169623e-03
   9.9350002e-05   1.4377716e-05  -2.0271749e-03
   9.9400002e-05   5.1852574e-05  -2.1134517e-03
   9.9450002e-05   8.4090803e-05  -2.1185908e-03
   9.9500002e-05   1.0884360e-04  -2.0198904e-03
   9.9550002e-05   1.2646773e-04  -1.8413673e-03
   9.9600002e-05   1.3847281e-04  -1.6379782e-03
   9.9650002e-05   1.4608598e-04  -1.4620963e-03
   9.9700002e-05   1.5014371e-04  -1.3330434e-03
   9.9750002e-05   1.5192130e-04  -1.2280724e-03
   9.9800002e-05   1.5340546e-04  -1.0996151e-03
   9.9850002e-05   1.5617309e-04  -9.0746954e-04
   9.9900002e-05   1.5976318e-04  -6.4582849e-04
   9.9950002e-05   1.6135379e-04  -3.4874966e-04
   1.0000000e-04   1.5756264e-04  -7.1179478e-05
